0.001692413
-0.011949427
0.001718221
0.006835194
-0.009627754
-0.032119624
0.001776161
-0.003555482
0
0.008856504
0.007035998
0.015635459
0.023855212
-0.0033756
-0.013609154
0.010222121
0.013471677
0.009983958
-0.008311669
0.008311669
0.016418914
0.003254849
0.001615548
0.012885956
0.012722018
-0.009524361
0.014248901
-0.001574931
0.003147385
0.001569985
-0.012621695
-0.009569973
-0.006428619
-0.006470214
0.011293589
0.022226926
0.001569985
-0.015796338
-0.009600549
-0.021124222
-0.008243154
0.018047662
0.012927526
0.004807984
-0.004807984
0
-0.040950982
0.023137206
-0.019803585
-0.005008698
0.006675413
0.0082841
0.027666546
-0.009677965
0.001620829
0.001618206
0.012836664
0.007949692
0
-0.001584891
-0.007954552
-0.004807984
0.019079393
0.001574918
0.009390171
0.001557757
-0.009375486
-0.015829019
-0.022577451
-0.013139782
0.016399911
0.017727571
-0.006415795
0.006415795
0.012694007
-0.001579895
0.004732216
-0.001574918
-0.004731967
-0.012742195
-0.001605231
-0.003210351
-0.004846784
0.008057136
-0.004823337
-0.006478088
-0.0097885
-0.011535602
0.008256713
0.013067389
0.009693613
0.009600549
0.004769799
-0.001587406
0.01418147
0.017067497
0.037743388
-0.01341999
0.019326307
-0.002945192
0.004418132
-0.026828544
-0.00605845
0.012087747
-0.006029297
0.001510736
0.011997143
0.005941409
0.021976391
-0.004353968
0.001455796
-0.016117093
0.007357518
0.005845862
0
0.005811886
-0.007271933
0
0
0.015930423
0.004304785
0.004279378
-0.010016195
0.007167637
-0.008608756
0.005752061
0.002856696
-0.002856696
-0.018802205
-0.020652994
0.008902534
0.008823977
-0.017726511
0.001490481
-0.031746355
-0.006161087
0.022916457
0.013500504
-0.021081121
-0.01533584
-0.018722032
0.006277157
0.009346253
0.009259709
-0.017040903
0.001562614
0.026175255
0.013581989
0.032450227
-0.002902368
0.00725077
-0.008708678
-0.010258114
-0.013340335
0.014813264
0
0.004398666
-0.007346697
0.001475102
0.001472929
0
-0.011837364
0.007412052
0.013210497
-0.001460036
0.010168714
-0.001447367
-0.018994526
-0.019354974
0.011953904
0.001486051
-0.011943377
0.017858396
0.01027318
0.004366633
0
0.011563677
0.01568051
0
-0.01568051
0.002871895
0.007136914
0.014122814
-0.007036476
0.015416765
0.017921012
-0.012368414
0.012375083
-0.00548412
-0.004126184
0.013697104
0
0.017534202
0.0066614
-0.008000329
-0.005367144
-0.009467354
0.025489599
0.006599833
0.002623941
-0.002623941
0.001309623
0
0.006554382
-0.001307444
0.009110089
-0.003896887
-0.002606387
-0.009163376
0.010467419
0
0.007782436
-0.001293927
0.007732297
0.014021408
0.028698271
0.011012683
-0.006100522
-0.00122578
-0.001227284
0.017034629
0.013181218
-0.00716874
-0.008429989
-0.003631335
-0.002432196
-0.011012683
-0.006168286
0.026862696
-0.01700803
0.004888176
0.014528644
-0.007237937
-0.039508722
-0.00347398
-0.013035954
0.002559718
0.006364579
-0.003817616
-0.011528497
-0.002582841
0
-0.016940232
0.025944889
0.016509933
0.034656141
-0.004876243
-0.012304725
0.009854666
0.012178883
-0.007284753
-0.008574505
-0.027432003
-0.012721143
0.015248529
-0.001262895
0.019999263
-0.013706804
0.014944708
0.002471221
0.018324293
0.013228739
-0.016864461
-0.013461259
0.020719532
0.01318703
0.004748812
0.017614124
-0.030732407
-0.021846198
-0.014833862
0.002489663
0.029372837
0.019120975
-0.020323103
0.016763485
-0.013149675
-0.008460527
0.00966419
0.009571686
-0.010775349
0.007194507
0.011875082
0.012902888
-0.008187471
0.010517732
0
-0.016409715
-0.005932709
0.014168364
-0.005878149
0.002357705
-0.01064792
-0.021630268
0.004846665
-0.019535236
0.021952733
0.009606132
0.007143074
0.004731938
-0.007109233
-0.003570747
-0.010801164
-0.006048811
0.013260585
-0.013260585
0.004846689
-0.008491237
0.001218306
0.029956197
-0.008300004
-0.010769474
-0.025593219
-0.019955372
-0.006316291
-0.00891287
0.006378863
0.025091976
-0.003721465
0.007435158
0.006153015
-0.003690872
-0.036367644
0.021478611
0.02834428
0.024013368
-0.01433754
0.008389498
-0.00358939
0.038763877
-0.012753159
-0.004682298
-0.001174008
0.007017773
0.030987172
0.003381433
-0.011323609
0.030286427
0.029401298
0.002140191
-0.00859893
0.003231956
0.003226782
0.027512229
0.014510092
0.002052209
0.018312319
-0.024491712
0.008232401
0.024293333
-0.012072898
-0.012220435
0.006128885
-0.008181893
0.002053008
0.002048802
-0.012346146
0.004130664
0
0.004113672
-0.010318616
0.032658465
0.009988719
0.005946653
0.005911499
0.023302614
0.01523723
0.005655205
0
-0.003765046
0.013118378
0.00742289
-0.031926871
0.012324744
-0.014236567
-0.003829962
0.002872678
-0.004795521
0.022815278
0.01585532
0.026473314
0.007182972
-0.005381289
-0.015409866
0.015409866
0.016053443
0.005295817
0.016588129
0.024798075
-0.011041406
-0.028584309
-0.007056305
0.017546151
0.004337795
-0.004337795
0.006069346
-0.01042604
-0.008770746
-0.002648883
-0.008871927
-0.014361747
-0.016409096
-0.003686325
0.022802081
-0.01544744
-0.017553568
0.008355168
-0.021485803
0.008460563
0
-0.051886053
0.038688915
0.007563191
0.022347807
-0.028961886
-0.01624459
-0.011628313
-0.013736289
-0.007938337
-0.003990485
0.001000334
0.056325143
0.012197452
-0.006547603
-0.004709827
0.010327934
-0.002807394
-0.012248027
-0.014318051
0.019045538
0.001886593
0.03242525
0.016275595
0.006259269
0.000891613
0.001776504
-0.017029864
-0.007261192
-0.025830756
0.021271731
0.010919312
-0.014588729
0.007320968
0.01357907
-0.006311309
0.011692598
0.029961614
-0.02105377
0.00176863
-0.010676474
-0.007178574
0
-0.009052954
0.008150898
0.000902057
0.01075298
0.007102069
-0.016953805
-0.030155818
-0.021566362
-0.062581115
0.071078196
-0.024741595
-0.025369305
0.021509798
0.03795435
0.019362487
0.009995004
-0.005439836
-0.014651081
-0.011132059
0.00558152
-0.024411749
0.03914378
0.013620487
0.026692459
-0.023093492
0.016043439
0.017530684
0.011232116
-0.015584995
0.015584995
0.009405263
0.005936432
0.001692027
-0.005080549
-0.008523973
-0.006874407
0.012850471
0.001697945
0.014339791
-0.011792061
-0.017096145
-0.003452895
0.032341101
0.010000287
-0.004987643
-0.013421921
-0.013604522
0.011912496
-0.038813375
0
-0.003522865
0.022690389
0.026396847
-0.013535405
0.008480558
0.01758332
-0.013369859
0.008378104
-0.00921609
-0.024717475
0.027237526
0.003351581
-0.00419226
-0.022948684
0.009413279
0.029376579
0
-0.004975205
-0.015075878
0.00840217
0.020705661
0
0.011411552
0.004850518
0.01361608
-0.012809287
-0.008906756
-0.002440053
0.012954517
-0.008076391
0.00566189
0.012022405
0.000797155
-0.008796011
0.003206442
0.004792413
-0.007998855
0.004807767
-0.006416816
-0.012139179
0.00487416
-0.001623403
0.009693269
-0.015392038
0.008938993
-0.012208359
0.000823338
0.024253635
0.003188529
0.003178394
0.003172187
0.0023687
-0.011112646
0.013479593
0.007841976
-0.003913301
0.004694889
0.019328813
-0.014655863
0.026831448
-0.007591886
0.005318145
0.012805742
0.021477593
0.010201901
0.00289884
0.015068646
-0.004282707
-0.006456891
0.003592696
-0.01154661
0.004344736
0.003609178
-0.002163943
-0.000722356
-0.01088774
0.01879811
-0.012977984
-0.000723007
-0.010220352
-0.008843184
-0.006685908
-0.017286759
-0.016047565
0.014532567
0.034330849
-0.00220527
-0.007378991
-0.012672079
-0.003004068
-0.014400397
0.015901725
0
0.003003225
0.014129006
-0.005923597
-0.017991665
-0.001515253
0.004535205
0.033375652
0.002912173
-0.010970937
-0.026071942
0.011259107
0.007433845
-0.011921555
-0.006016342
-0.001506993
-0.017527537
0.025800833
0.015606239
-0.003693568
0.004431367
0.005145827
-0.012541178
0.012541178
-0.016263103
0.016263103
0.026765541
0.004270078
-0.010716594
-0.010109677
0.022957954
0.018966399
-0.000693312
0.003475313
0.008981708
0
0.003432363
-0.002747632
0.010261602
0.00813018
0.007394495
0.008670212
-0.003325056
-0.002670637
0.015905037
-0.010574119
0.017779704
0.009745161
-0.012358498
-0.027198682
-0.016955984
-0.015161237
0.018574846
0.003405313
-0.012992268
-0.014560111
0.020048665
-0.020747807
0.000699142
-0.046453294
0.01524718
0.023495405
-0.007770626
-0.003551847
-0.005711424
0.023349246
-0.016925748
-0.004991708
0.021217338
0.015966556
0.005495671
-0.008944601
-0.009025329
0.001394871
0.006246197
0.001384261
-0.04379376
-0.007973415
-0.070865366
0.033042629
-0.028366051
-0.033204845
-0.024411463
0.076106936
-0.020828085
-0.039748556
0.027990154
-0.001579828
-0.013518546
0.022952651
-0.020551642
-0.004803877
0.017501243
0.007854277
0.051098643
-0.02789557
0.015929481
0.006002769
-0.008260828
-0.040790086
-0.051581571
-0.002486502
-0.032017739
0.010221611
0.016808566
-0.046917826
0.013017537
0.021323515
0.027465446
0.019512892
0.054828676
0.021866055
-0.005234276
-0.013585148
0.019561828
0.030816966
0.000722873
-0.007973387
-0.00437639
-0.006598912
0.021831453
0.00789112
-0.00143076
0.012793396
0.00281974
0.022975297
-0.004829837
-0.01814546
0.003514387
-0.021277509
-0.006470787
0.017877411
0.025193847
-0.004849913
0.019256773
0.008817193
0.00135063
0.020688686
-0.003970894
-0.011339987
-0.009431875
-0.021212502
0.008264538
-0.002061418
-0.032124677
0.023152591
0.007598803
-0.004137949
-0.004849913
-0.017514217
0.007041169
-0.025587883
0.070195144
-0.012154126
0.024822518
0.026810504
0.015365251
0.006963758
0.023073099
-0.004322502
0.00740289
0.015252333
-0.009122859
-0.003058545
-0.014192883
0.02090997
0.019290307
-0.016859682
-0.005477984
-0.026602759
-0.019627625
-0.012223271
0.00516569
0.037286614
0.00680015
-0.010529182
-0.010641227
-0.014579778
0.026466573
0.014815086
-0.004915017
0.018909278
0.013801121
-0.025960327
-0.001835055
0.008542834
-0.027096242
-0.021450889
-0.004474797
-0.016145528
0.019981848
0.02083913
-0.024034519
0.0139852
0.003151082
0.013130814
-0.002489588
0.035479718
-0.009663876
-0.019606477
-0.006209365
-0.000623367
0.006213225
-0.016231085
-0.005678499
0.01756833
0.031225219
0.010791424
0.011266485
-0.002363188
0.012336348
0.002914118
0.025289533
-0.001136638
-0.014306811
0.014306811
0.018019348
-0.014616067
-0.035152337
0.001759408
0.016259507
-0.00635607
0.038105559
0.011649218
-0.024003769
0.009000734
0.026520772
-0.011517737
0.010425746
-0.005472555
-0.01493107
0.037720886
0.00374614
-0.024892114
-0.013793731
-0.011171442
-0.06020405
0.042634497
0.038140646
-0.002755127
-0.003316744
0.005523603
-0.008851384
-0.008927694
-0.035372442
-0.021127486
0.002371588
-0.006532542
0.03798519
-0.006904483
0.015467196
-0.010860785
0.019914796
-0.006783504
-0.007970828
-0.031361322
0.002945019
-0.019003849
0.035339265
-0.014573705
-0.021963363
-0.006022424
-0.010929038
0.007299281
-0.023918597
0.009881679
0.008568946
-0.004887973
0.007929755
0.0192554
-0.004180825
-0.019947666
0.003047349
-0.016568327
0.003395917
0.023468599
0.00420554
0.02488274
0.015099912
-0.008102815
-0.018766908
0.002955465
-0.000590971
0.008822392
-0.021901227
0.016616563
0.032429835
0.029751833
-0.013363179
0.010594323
0.011035078
0.034503651
-0.007979533
0.001066061
-0.015053074
0.001622485
0.002162739
0.014996627
0.011103626
0.00941915
-0.020522775
-0.005329599
-0.016707793
0.001627771
-0.010363173
0.019544493
-0.019544493
-0.017697665
-0.027150789
-0.010374655
0
-0.010483418
0.026003922
-0.023665708
-0.018273785
-0.00178478
0.011256894
-0.009472114
0.025258633
0.018961902
0.01468759
0.002242705
-0.006176834
0.016199113
0.032700215
0.000536481
0.022780134
-0.003147939
-0.020168677
-0.020038875
-0.017104195
0.012167315
-0.006618849
0.030253451
0.028840514
0.008828456
-0.009350662
-0.004707045
-0.005259313
-0.015404829
-0.006444666
0.010719018
0.023184024
0.01652751
-0.022797075
-0.00210033
-0.019088481
0.010650525
0.016807851
-0.013632368
-0.016503183
0.018087151
-0.010066635
0.022638694
0.007259684
0.022484966
-0.014761736
0.023314759
-0.013112343
-0.014314216
-0.015045114
0.004692304
-0.037098976
0.016068751
0.003712943
0.029726851
0.013272987
0.019087104
-0.00298951
0.00298951
0.022139725
0.034906821
0.018623858
-0.046256801
-0.002902732
0.018244028
0.003797094
0.014117763
0.001868917
-0.004676569
0.004676569
0
0.010208054
0.000923677
0.029988329
0.011128792
-0.012920161
-0.012182501
0.017995474
-0.018449869
-0.005464446
-0.009172794
-0.018606519
-0.022792798
0.033069879
0.001391934
0.011534418
0.00719845
0.01995228
0.008999746
0.01612914
0.026632227
0.009284054
0.00711408
-0.037819808
0.022693614
0.028382939
0.009113544
0.029235562
0.000398212
-0.002378095
0.012618956
-0.014206853
-0.004381226
-0.010030375
-0.0016155
-0.031174586
-0.040821486
-0.001739013
0.013281617
0.037989708
-0.000411452
0.001650836
0.003295525
0.01144658
-0.018048527
-0.020067331
0.004845463
-0.018878078
-0.012499071
-0.042521416
0.002711222
0.020986994
0.002208788
-0.056225914
0
0.014815655
-0.014348972
0.037963938
0.016470605
-0.036417379
0.004113479
-0.022130643
0.010203292
-0.012536606
0.004661196
0.022989983
-0.013500571
-0.034926176
-0.045885128
0.035332034
0.006728266
0.003824828
-0.037923364
0.025923937
0.02244001
-0.007582113
0.029069486
0.030042846
-0.013996849
-0.05611487
0.002881803
-0.010124035
0.020619384
-0.017233304
-0.019009572
0.050380517
0.039904947
0.006275869
0.007566887
0.065646628
0.002488558
0.058721926
-0.005875563
-0.00709771
-0.012343508
0.043892898
-0.02641982
-0.01987978
0.033955206
-0.044452366
-0.004473881
0.022969661
0.012275097
0.003928954
0.013626315
-0.030626188
-0.0406898
-0.032069077
0.041986367
0.029175066
-0.006409532
0.019108577
0.022228087
0.024006279
-0.016705375
-0.010778716
-0.026668502
0.013424107
0.010531465
-0.031534162
-0.013304742
0.025641402
-0.004360375
-0.005976241
-0.029200701
0.006154778
0.025441097
0.032943651
0.004618876
-0.01158744
-0.009367607
-0.02381028
-0.036815419
0
0.014888402
0
-0.023675756
0.033481604
0.026475259
-0.00476184
0.007134284
-0.022769739
-0.007299194
0.003657247
-0.009779873
-0.019853487
0
0.025976114
-0.003668677
0.017011077
-0.014563134
-0.017264814
0.014816872
-0.031116912
-0.014004874
0.022814348
0.001253349
-0.013863675
0.025991637
-0.015890686
0.063282491
-0.0190479
-0.040469831
0.004993682
0.022168018
0.021689175
-0.003583001
0.028303287
-0.023530092
-0.019231023
0.041598615
-0.027140787
0.009523716
0.029191068
-0.003459095
-0.002312101
-0.008133762
-0.027204994
0.007168364
-0.030214242
0.014616336
0.020348427
-0.014319804
0.016686628
0.009411672
-0.014150935
0.021152011
0.039891572
0.018816842
-0.007705807
0.007705807
0.004376297
-0.007672029
-0.002202607
-0.008859264
0.006651795
-0.005539181
0.029559153
0.017112404
0.005287266
0.012578568
-0.002085471
-0.040473406
0.01937594
-0.002134436
-0.011820653
0.020331195
0
0.01472136
-0.003135532
-0.010526224
0
-0.001059604
-0.038881104
0.013129058
-0.008733525
-0.006600566
-0.006644423
0.018711486
0.013002801
-0.001077863
0.024482761
-0.007388625
-0.018008163
0.011822874
0.009568642
-0.003179959
0.014754052
-0.005244351
-0.015898384
-0.007507457
-0.025068289
-0.038249862
0.04484939
0.01307333
-0.037490585
-0.002249933
0.002249933
-0.06498859
-0.046634691
0.070332815
-0.008231285
-0.01546684
0.002395439
0.032943481
0.014933793
-0.006863815
-0.013874383
-0.007008149
0.022030088
0.007994383
-0.006848142
0
-0.012681496
-0.046297704
0.025194803
-0.004749128
0.002376419
-0.014353751
-0.03556417
0.013638684
-0.044060134
0.016592122
-0.005074579
0.013897161
-0.002512805
-0.002519135
0.028591856
0.012179609
0.047290834
-0.00347055
-0.008143203
0.031054047
0.002262661
-0.046251691
0.003544348
-0.029923398
-0.032102574
0.023559916
-0.01730539
-0.055107943
0.009181272
0.020672446
0.008912428
-0.019829954
0.005175111
-0.010375033
