-0.015037877
-0.0043404
0
0.002165577
-0.046623697
-0.016037134
0.049568182
-0.004407322
-0.059106083
0.043532878
-0.108859238
0.019811773
0.007321551
0.012089863
0.013136755
0.038390821
-0.00227943
0.006837383
-0.010273686
-0.005763449
0.020297799
0.018222589
0.008839475
0.03037134
0.016957414
-0.021242082
-0.006454674
0.002165434
0.004026879
-0.01922801
0.015201131
-0.008662042
0.00109036
0.005406247
0.023484284
0.02910814
-0.003076621
-0.007220248
-0.002080167
0.008268355
-0.032410836
-0.047895571
-0.021401116
0.009074525
-0.039141129
-0.00234371
0.007029747
0.032186891
-0.006806324
0.022519427
0
0.047843299
0.010557809
-0.012691026
-0.056906406
0.006729948
0.004466377
-0.022241008
0.022241008
0.00887335
-0.004426833
0.008834155
0.004387983
-0.004387983
0.013092649
0.027815315
0.022945403
0.02040512
-0.002029691
-0.021484404
-0.0135311
0.016640076
0.067747784
-0.010655701
0.024053101
-0.007637187
0.037603826
0.005292114
0.030948762
-0.008946496
-0.00539728
-0.016380661
-0.005516439
0.001838247
0.001846701
0.010061217
0.000901149
-0.012809066
0.012809066
-0.001814829
0.007262908
0.037271395
0.015559367
-0.006887873
-0.006935645
-0.010483196
-0.001765485
-0.010613079
-0.005360589
0.014216408
0.001757261
0.020905201
-0.015640604
0.001756223
0.054427683
0.014792371
-0.004080651
0.007339502
-0.021358845
0
-0.015064596
0.015064596
0.019735986
-0.023065308
-0.027030288
-0.013788579
-0.022832893
0.014104798
-0.003499112
0.003499112
0.030832776
-0.010025174
-0.005166998
0.018791142
-0.00593979
0.0227157
-0.005001137
0.001666246
-0.037414845
0.012058755
0.005120722
-0.006829794
-0.047423775
0.024868148
-0.030275134
0.012578782
0.022942517
0.012142464
0.003443945
-0.006899792
-0.03880093
-0.007223602
0.044297695
0.029034049
-0.018684367
0.020372643
0.010027412
0.024658146
0.022472856
-0.007966699
0.022152772
0.030627942
-0.019742868
0.019928383
-0.003040928
-0.023091551
0.018517669
0
-0.009220936
-0.003092637
-0.015598184
0.009394089
0.033689741
-0.016707929
-0.004601977
0.003073626
-0.003073626
0.001542935
-0.019389406
0.022448448
0.007636247
-0.01995889
0.007720665
0.027318715
0.009680803
0.008122518
0.004399388
0.031708368
0.005651249
0.061543401
0.014477476
0.014279157
0.003856184
-0.016824197
0.007797637
0.007745573
0.001280987
-0.005142123
-0.014954738
0.003272664
0.03337814
0.005040121
0.021746766
0.026080324
-0.026697402
-0.007410883
-0.00995934
0.053607283
0.021122255
0.032002966
0.013414239
-0.016792474
-0.006790901
-0.020668791
-0.021105022
0.036069484
-0.017288419
-0.019963337
0.005912607
-0.015452264
0.02249854
0.02885601
-0.010292797
0.014835205
0.032311865
0.041876253
0.026971752
0.001026782
0.013201167
-0.023483507
-0.012473284
0.00313126
-0.033932783
-0.004326331
0.045531923
0.00103847
-0.016685447
0.03003581
-0.008193984
0.018351064
0.022967511
0.001966956
0.001969421
-0.009879732
0.028388971
-0.009697666
-0.02018108
0.034692538
-0.007711985
0.058289943
0
-0.033432825
-0.039481747
0.021378182
0.043282388
0.012808991
-0.021131689
-0.017798257
0.024276784
0.008269175
-0.009195508
-0.015820026
-0.017504412
-0.004308733
0.059556156
0.003602729
0.031892741
-0.007878336
0.005260989
0.010434099
0.016301634
0.001701467
-0.03545802
0.002635763
0.011786875
0.008206018
0.019177415
0.027071256
-0.002466615
-0.008275175
-0.002493287
0.005811579
0.024531909
0.034141796
0.013182245
0.009967753
0.005325254
-0.046593939
-0.026581721
0.021001762
-0.03084527
0.000827095
0.032417065
0.001589239
-0.016048841
0.000806508
-0.004859289
-0.026340584
-0.023629901
0.018616227
-0.001678627
-0.0169376
-0.046427925
0.015204771
0.027799831
0.003423323
0.021126206
-0.027979079
-0.012984809
0.008677098
-0.006063259
-0.007850836
-0.010562691
-0.024186432
-0.010938237
0.002744326
-0.024986414
-0.000941097
-0.020851304
0.00095476
0.019896544
0.053868347
-0.010723208
0
0.001345985
-0.016736281
0.026113504
0.030637167
0.00086487
0.010177896
-0.030188135
-0.035781303
-0.050430146
0.024598364
-0.020778643
0.022646921
0.029409797
-0.006360809
0.009078684
0.017902363
0.037447866
-0.000858213
-0.015513646
0.017223843
0.02446665
0.020615567
0.0040726
0.024894679
0.030455738
-0.028080948
-0.013539205
0.018271932
0.004715476
-0.002352432
-0.043344843
0.002456512
0.03458121
-0.019153247
-0.002418858
0.039591428
0.009272976
-0.006947904
0.011170477
0.036846452
-0.013004147
-0.020305143
-0.077848731
-0.011618415
-0.032237532
-0.017388629
0.004482343
0.019782357
0.022015429
-0.027594476
0.015799853
-0.026402588
0.007584836
0.017120612
0.016418809
-0.021099479
-0.000850893
0.002128618
-0.010699768
0.019185517
-0.008907821
-0.020667718
-0.010052371
-0.003080323
-0.019579892
0.027921203
0.013457214
0.016678563
0.015147989
0.019855638
-0.016517973
0.024265393
0.023690506
0.027011515
0.088299887
-0.006385948
-0.01578034
-0.008714011
0.035116564
0.006318687
0.004886581
-0.006287788
-0.007035639
-0.004952285
0.01408675
0.026908807
0.019547196
0.032831248
0.029913594
0.00375241
0
-0.022740954
-0.017404797
-0.008486091
0.0110847
-0.005203988
-0.039896035
0.026111684
0.034751951
0.026146287
-0.021368784
-0.022487348
-0.021013206
-0.016052676
0.014724039
-0.018100666
-0.002711281
0.031387712
-0.013238346
0.008625471
-0.000663153
0.014438428
0.018714565
-0.023285271
-0.002622449
-0.010554848
-0.023483262
0.039926881
-0.001633929
-0.006884186
0.004594719
0.009777692
0.028135527
-0.035947494
-0.026491079
-0.000673837
0.024545901
-0.032637069
0.010102694
-0.001337689
0.002010172
0.00200614
0.018543668
-0.007245273
0.001321619
-0.017980131
-0.004715416
-0.008135038
-0.057438241
-0.015256411
-0.028216228
0.012723449
0.012558871
-0.014047654
-0.024878148
-0.023167827
-0.067877624
0.128501063
-0.057506882
-0.05770415
0.01636403
0.019291839
-0.033185188
-0.017435128
-0.015191788
0.052186031
-0.030318691
0.01486562
-0.017363062
0.039255179
0.010368159
0.021204457
-0.021204457
0.003959695
0.022669045
-0.007761592
-0.026833888
-0.02183903
0.002453744
0.012966915
0.048710731
-0.043090475
0.005583723
-0.023357811
0.011345391
0.011218116
-0.036513857
-0.012477289
-0.039250433
-0.018445891
0.022787274
-0.013086753
-0.023987339
-0.005412804
0.012578855
0.020328619
-0.017649521
0.000887624
0.008855869
-0.000879795
0.012280896
-0.02025697
0.033247459
0.025490821
-0.01862655
-0.005143781
0.021251914
-0.033352379
0.050860174
0.017206539
-0.019687442
-0.001659141
-0.006664227
0.019033287
0.005721333
-0.002446491
0.008948301
0.006454634
0.019122708
0.021088532
0.013811031
-0.012265915
0.025143543
0.038379868
0.014380418
-0.012211755
0.012032639
-0.020009064
0.005085383
-0.013867855
-0.000733001
-0.014068468
0.009644888
0.026960562
0.040851596
0.013710171
0.025537866
-0.019429303
0.017437824
-0.018117134
-0.028848282
-0.023264511
-0.02674614
0.013102015
-0.13446424
0.033352385
-0.039989158
0.005811579
0.004956883
0.006565922
0.003269488
0.013769527
-0.012138783
0.00324831
0.004049506
-0.020413537
-0.009118896
-0.008359741
0.021594818
0.027551561
0.008756041
-0.01919919
0.008847555
-0.007232603
-0.014624056
0.004900233
-0.038180524
-0.017067687
-0.000858586
0.016232008
0.033335795
-0.003285602
-0.014909539
-0.006703298
0.01086748
0.0173058
0.031362113
0.062908669
-0.009714531
-0.014366337
-0.02545389
-0.008632363
0.010194365
0.008540205
0.016110911
-0.001523939
-0.001521353
-0.00612843
-0.004616132
0.037111493
-0.018763708
0.024692018
0.002953398
-0.002953398
-0.051565131
-0.011744755
0.002363045
-0.032739789
-0.038048892
0.002524775
0.005030507
-0.005030507
-0.010996147
-0.028461819
-0.049312101
0.018212152
-0.049017814
0.03355754
0.023551069
-0.007185355
0.012544988
-0.02342956
0
-0.001819794
-0.023097472
0.042987193
-0.008090795
0.006297848
0.004473482
0.053881868
0.018439195
0.027850201
-0.022876883
0.009867779
-0.007393016
-0.022507333
0.01423063
-0.026105258
0.003189865
0.022080731
0.041554822
0.018190322
0
0.032385389
-0.020700548
0.043207899
0
-0.013444499
-0.016677663
-0.00153093
0.00914574
0.002272207
0.006040554
0.035477867
-0.005096507
-0.011748308
0.03483879
-0.037055558
0.004433375
-0.034487673
0.026347136
0.033605787
-0.003597767
-0.000723895
-0.024096986
0.012485099
-0.004386509
0.010935069
0.038411085
0.020719707
-0.020719707
-0.040587618
-0.012430294
-0.003690041
-0.002402515
-0.016986036
-0.039942651
-0.03509222
-0.078489414
0.065416508
-0.014909539
0.024734135
0.019354003
0.045663797
-0.008044525
-0.027292299
0.071680797
0.010249012
0.001451597
-0.010234069
-0.024545132
0
0.019388551
-0.012633579
0.04103159
-0.020305361
0.034562787
-0.014973581
0.01709318
-0.031567261
-0.027339056
0.005229775
-0.040290975
-0.011708078
-0.007090198
-0.007935131
0.066280999
0.019202346
-0.022191038
-0.012040027
0.023936814
-0.009656833
0.014817204
-0.005160372
0.029134803
0.003582308
-0.001432305
0.019158365
-0.018439653
0.021595077
0.005940683
-0.006287788
0.029007632
-0.015092028
0.047687711
-0.008608778
0.015175017
0.005878838
0.016143282
0.060889708
-0.00969138
0.010295921
0.029672574
0.015090584
0.012593461
0.026938239
-0.007222622
0.013296855
-0.027904147
-0.006246655
0.002275364
-0.021827887
0.066280603
-0.012577278
-0.036431354
0.060355547
0.022318106
0.009414501
-0.007314717
-0.039031072
0.015687319
-0.042767054
0.038463562
-0.015755511
0.023811146
0.026387293
0.022147531
-0.029992555
0.048664607
0
-0.023265866
-0.008740003
-0.015609397
-0.005257751
0.01879992
0.019977114
0.049463909
-0.00193241
0.00338082
0.074727414
-0.030424428
0.02504314
-0.038502342
0.012076572
0.029120033
-0.008104666
-0.034962887
-0.035259292
0.013487973
0.04719352
-0.031056138
0.032880164
0.026968511
-0.02196807
-0.023854835
0.030175445
-0.063725992
-0.019891551
0.034197981
-0.051992611
0.027548175
0.033868594
-0.051984302
-0.00098821
-0.013944915
0.027694904
-0.000486149
0.036419855
0.010765312
-0.029288516
-0.020340381
-0.063105273
-0.024262683
-0.063931241
0.04343607
-0.011510518
0.01096389
0.042694985
-0.036715868
0.013462088
0.010637289
0.001057192
-0.003174935
0.020984956
0.001037443
0.010833609
-0.023357908
-0.033104639
-0.004897632
0.040100016
-0.011067692
-0.010654302
0.040928585
0
-0.022354861
0.016684035
0.053359362
0.022775941
0.012856452
-0.008075283
-0.001908497
-0.065656263
-0.01231856
-0.059594194
0.024909886
-0.02053185
-0.031045712
0.0189659
0.032611662
0.05107774
0.004058335
0.0425996
-0.034535236
-0.017218067
-0.006144949
0.006144949
0.031173698
-0.023035477
0.03728855
-0.069758645
0.020723905
-0.005140024
0.027455811
0.003001773
-0.039780746
-0.034941498
0.024483957
-0.008450262
0.012647084
-0.034081825
-0.011988813
-0.01881689
-0.056304715
-0.022717034
0.027433515
0.017492218
-0.064460285
0.024363009
-0.028069598
0.051849365
0.004688841
-0.033297065
0.027433515
0.04147985
-0.017074054
-0.001147718
0.023851353
0.069366332
-0.028680779
-0.054247249
0.03356197
-0.020000274
0.015590604
-0.026877991
0.004529529
0.030053551
0.038713754
0.004210077
0.05517131
0.009891806
0.005889083
0.007796468
0.021133589
0.007578018
-0.012340923
-0.000954695
0.03936505
-0.004604948
-0.008346314
0.006496598
-0.039625078
0.009576047
-0.026073812
0.004879129
-0.020660018
0.071903731
0.039898053
-0.011623746
-0.007219473
0.032963743
0.022533044
-0.001305674
-0.019064574
0.00174875
0.025865313
-0.023249307
0.057545596
-0.00082162
0.048985849
-0.015002722
0.005553673
-0.006348483
-0.01524344
0.033388721
0.036842861
0.002257621
0.00674484
-0.031868461
0.023620718
-0.009077358
-0.000761604
0.015094078
0.022224696
0.045819683
-0.019074859
-0.019445796
0.020871718
-0.004283879
-0.034936285
0.016892429
-0.033322824
-0.004529594
0.023917035
-0.006667485
-0.02484232
0.009858919
-0.066301178
-0.023869308
0.032702381
-0.008833073
-0.030292361
-0.011706466
0.008374957
0.027152113
-0.010607093
0.009796149
-0.017207419
0.000825014
0.010679435
0.002447366
-0.061337873
0.016755128
-0.034237433
-0.021391527
-0.063218083
0.071294343
0.02471291
0.024119615
-0.030241527
0.002627464
-0.028395417
0.038839558
0.070205437
-0.018739226
0.019544937
0.029006774
0.022471794
0.009912606
-0.003039205
-0.025433507
-0.013359598
0.00552086
-0.041771412
-0.0282878
0.033197284
-0.023959705
0.048949652
0.01736504
0.007793472
-0.018807392
0.039554993
-0.023857706
-0.016489928
-0.028917274
-0.004901463
0.016245638
0.014401338
-0.010379546
-0.008867832
-0.035438737
-0.016919131
-0.013747257
0.024778553
-0.02218564
0.085931351
0.016489928
0.022335793
-0.012261883
0.022114371
-0.004537114
0.007548851
0.023039597
-0.024544332
0.010485903
-0.002236543
-0.016567339
0.055385323
-0.047821771
0.008255561
-0.06006295
0.040439276
0.044717024
0.044896393
0.017270905
-0.002057797
0.123791215
-0.009138073
-0.020403424
-0.045361152
0.023895873
0.008893679
0.027451432
-0.051131121
0.016699491
-0.042949221
0.051193512
0.024955939
-0.013648433
0.040697278
0.005385105
0.029974086
0.008074313
-0.039243864
0.028270394
-0.01639284
0.037084117
0.019155024
-0.04391892
0.025900447
-0.042954394
0.012964675
0.021431171
0.046468022
-0.008791242
-0.007756697
0.00554587
0.025124594
-0.001078895
0.029789361
-0.015848579
-0.013940781
-0.007045699
0.029470076
0.015195231
0.015991441
-0.035419474
0.019428033
0.039760917
0.037758562
0.038701884
0.02514505
0.039827833
-0.010027878
-0.025295814
0.02573305
-0.050302395
-0.028499705
-0.03766774
0.03814213
-0.009997486
0.016136617
-0.021895547
-0.000481926
0.052520205
-0.042458915
-0.00286434
-0.070291418
-0.006173674
-0.091806976
0.10716865
0.047627973
-0.080163078
-0.031461016
0.006478627
0.073646849
-0.034074132
0.036570808
0.011898984
0.002461036
-0.047831243
-0.017442322
0.004189637
0.031389484
-0.047725805
-0.005862452
-0.097610507
0.08578148
-0.004878818
0.026811027
0.031252282
0.010712056
0.00607074
-0.050154046
0.004233454
-0.074514974
0.066031777
-0.018813397
0.020409382
0.067325592
-0.008485287
0.039316762
0.034110977
-0.012183429
-0.022891241
-0.004835555
-0.021559013
0.006910449
-0.015866292
0.050194196
-0.039258834
0.014232768
-0.017204312
0.079547795
0.013190449
0.004958706
-0.036168542
0.002329017
-0.001396161
-0.021182814
0.007582607
-0.004732578
0.01459913
0.023563354
-0.039111084
0.037282653
0.019479357
-0.010824292
0.007229679
0.016965108
0.014065473
0.02414903
-0.002559433
-0.022899775
-0.034685822
0.032497433
-0.032044615
-0.001357616
0.020618813
-0.01339892
-0.014493755
-0.059199188
0.033320255
-0.032353299
-0.020517744
0.027580847
-0.039182142
0.005976728
-0.021075094
0.030956553
-0.024889178
0.028813954
0.047810076
0.01390838
0.002758907
0.028960905
0.007111401
0.021035714
0.000866089
0.034074726
-0.005036967
-0.01783534
0.012771517
0.002535117
-0.007623349
0.018534297
-0.01259986
-0.065496703
-0.052577474
0.026054805
-0.031061505
-0.01057097
0.00385665
-0.05846216
-0.026887803
-0.03601901
-0.0300585
0.078577287
0.043551334
-0.025343278
-0.24888531
-0.054937458
-0.046518017
0.012902426
0.012738072
-0.066883724
-0.035199064
0.004662489
0.041007347
-0.024098425
-0.026255742
-0.022151688
-0.039158111
-0.060000625
0.048285594
0.08391934
-0.123409838
0.013913768
0.053793725
0.093671849
0.026472512
0.005790095
-0.030772454
-0.0165054
0.078529792
0.037066105
-0.030097467
0
-0.002781184
0.039594567
-0.015766655
0.013514378
-0.008085823
-0.078803706
-0.031228666
-0.111759175
0.031588937
0.069540139
0.013647319
-0.036814245
0.036814245
-0.009079111
0.035825048
-0.034306127
0.064632769
0
-0.04435476
0.016956989
-0.116139015
-0.109199798
-0.035419859
0.088908269
-0.125625753
0.017561952
0.050904896
0.096312828
-0.025360487
-0.027779796
-0.010618946
-0.079599775
0.024741725
0.005621427
-0.045897596
0.036508902
-0.005677646
-0.001896688
-0.00955316
-0.051190315
-0.028693192
