-0.032559878
0.005738884
-0.011510892
-0.001455179
-0.072881517
0.02692052
0.050301728
-0.010145398
-0.038642457
0.045902304
-0.017518655
0.031882121
0.047367072
0.001357443
-0.027549952
0.019359984
-0.02075537
0.012506612
-0.001379957
0.004830351
0.0184084
0.017412917
-0.012022068
0.043397256
-0.006453741
0.003880544
0.020434897
0.012558959
-0.006259764
0.001253485
-0.008815675
-0.002538906
-0.00636335
-0.001275907
0.021504116
0.025941392
0.009708814
-0.028172865
-0.00498134
0
-0.014462156
-0.032829005
0.00781857
0.019295321
-0.011529159
0.003219554
-0.022740819
0.014353295
-0.007798203
0.052139304
-0.01247298
0.027233366
0.027690176
0.015327127
-0.021281181
-0.037734446
0.003709227
-0.012433991
0.02838134
-0.002439948
-0.002445916
0.008523022
-0.003637159
0.018077871
-0.001193546
-0.001194972
-0.006004085
-0.020700415
0
-0.004932202
0
0.023370793
0.016608482
0.006515569
0.028497641
0.006860814
0.02696783
-0.001114586
-0.010037349
0.011151935
0.006626311
-0.007740897
0.005532292
0.016422525
-0.03087351
-0.006738003
0.007862568
0.012223821
0.009893895
-0.006582692
0.012043485
0.032119249
0.003157922
-0.011623596
-0.004259865
-0.001066098
-0.002135612
-0.014021565
0.015089942
0.013806262
0
-0.010607965
-0.001064963
0.009557612
0.004226167
-0.00316457
-0.004232803
0.025132171
-0.008828084
0.011920706
-0.005166329
0.012358571
0.023270265
-0.003006114
-0.013123268
0.013123268
-0.018215888
-0.005118688
0
0.01730156
0.002012904
-0.017266466
-0.012371292
-0.004678145
0.001559595
0.018050496
-0.005640802
-0.004119477
-0.022962178
0.016235777
-0.002603275
-0.004175371
-0.042741548
-0.01873155
-0.015698977
0.042045131
0.015050607
0.023211169
0.009207104
-0.010248729
-0.06579704
0.023146798
0.032153626
0.005258723
-0.019064984
0.014858872
-0.006339133
0.023058464
0.022545217
-0.013257071
0.018308518
0.006033375
0.003993605
-0.00600283
0.00600283
-0.01406739
0.011073683
0.001996801
-0.007019194
-0.00605129
-0.001011037
0.001011037
0.012072581
-0.01410217
-0.003042361
0.015145735
0.006984746
-0.012012176
-0.013176481
0.007119089
0
-0.015315856
0.008196767
0.019203809
-0.004012035
0.006008836
0.027588
0.018297684
0.003809528
0.017901171
0.019416592
0.009118737
0.002714273
-0.002714273
-0.00637379
-0.009177312
-0.027090327
0.017833965
-0.018779866
0.00189091
0.019677248
-0.005584378
0.017570111
0.008214006
-0.015573734
-0.006485984
-0.005588823
0.024916084
-0.003652977
0.016337206
-0.006322003
-0.018282045
-0.005547462
-0.005584378
-0.011257155
0.014981554
0.015674284
-0.001371115
0.001371115
-0.0091883
0.006438315
0.007312668
0.000914703
0.004537817
0.025046032
0.020979791
-0.006944472
0
0.000869309
-0.013136579
0.022665978
0.031397085
-0.004184521
0.009187198
0.035922183
-0.016987722
-0.01893446
0.00082958
0.019737483
0.001629941
0.011315223
0.008804853
0.005563452
-0.019609024
-0.009337049
-0.001630043
-0.000816019
0.067191088
0.001530327
0.018154766
-0.028901748
-0.01242252
-0.041473248
0.03991203
0.033844461
0.026872065
-0.014841816
0.001496044
0.013345772
0.007334434
-0.014727807
-0.008941937
-0.010536754
-0.01217674
0.036094231
-0.002953848
0.007377737
-0.019300354
-0.012066482
0.022504149
-0.005952399
0.01921949
-0.008828293
0.016119928
0.012994277
0.0407669
0.045768419
0.024694667
-0.027329714
0.012456136
0.001949367
-0.005215147
0.016852782
0.039070415
0.008617416
0.003671683
0.00729541
-0.047151166
-0.01279199
0.032918415
-0.026501966
0.007643349
0.013864858
0.001248779
-0.021476988
-0.00512164
0.00128082
-0.023347364
-0.002628122
0.052540516
-0.006259764
0.007509422
-0.042019719
0.014205031
0.020305266
-0.003777982
0.017504447
-0.03147091
-0.010282867
0.033039854
-0.016381446
0.003802664
0.008819726
-0.006291279
0.015037877
-0.008746598
-0.029280798
-0.00778214
-0.021053409
-0.042099406
0.002079395
0.042676055
-0.005319162
-0.022244518
0.016896912
-0.013495482
0.033401137
-0.009901176
0.017758808
0.024467905
-0.002547772
-0.012837147
-0.01825344
0.024694667
-0.002574809
0.011518501
-0.001275113
0.092410967
0
0.027493191
0.039872462
-0.008724171
-0.004390794
0.010944529
0.035277171
0.02079077
-0.004123717
-0.002068253
-0.004668437
-0.024213394
-0.015569932
0.007548924
0.003215442
0.011706796
-0.00317796
-0.016049983
0.010726283
-0.014509909
-0.002713367
0.034154926
0.010441849
0.00207137
0.018484305
0.030059177
-0.005937443
0
-0.015009374
0.003021238
-0.029580511
-0.01302357
0.011468739
0.028617204
0.008526974
-0.002499829
0.017375277
0
0.020457037
0.013413228
0.021181469
-0.030262334
-0.006745305
0.004342807
-0.014056344
0.030756893
-0.012379587
-0.016913467
-0.00586512
-0.008861105
-0.011440847
0.027142814
0.009205392
-0.000481737
0.01342302
-0.003816799
-0.006713114
-0.000964467
0.046586435
0.018449073
0.069519638
0.007131725
-0.062088904
-0.033011532
0.058483634
-0.018820961
-0.024604945
0.003616641
-0.0108894
0.021215683
0.008447996
0.001772744
-0.005321998
0.006645259
0.012286254
0.000873235
0.003479775
-0.02773745
-0.012578782
-0.016408755
0.000458718
0.00137783
-0.025081092
0.007497681
0.036215359
0.012528137
-0.01930259
-0.004544848
-0.005479466
-0.011049836
-0.003246747
-0.018753494
0.000947588
0.037127207
-0.004567679
0.011830529
-0.00635356
0.014460272
0.001345708
-0.031865805
0.012411849
0.008190765
-0.053991667
0.042600168
-0.02365125
-0.00706459
0.021969373
-0.013968197
0.016276394
-0.022860049
0.002356069
0.004698549
0.00839799
-0.016398406
0.01174223
-0.005149362
0.013053789
0.001386347
0.010582857
0.01769228
-0.000449022
-0.017700297
0.001829827
-0.000456411
-0.006883071
-0.01367391
-0.012446978
0.002830018
0.043346237
-0.020515141
-0.000462935
-0.001842067
-0.049205689
0.034321715
-0.018922012
-0.017344558
0.010634811
0.031236259
0.000933024
-0.005134949
-0.011294246
-0.003793274
-0.010504777
0.003352605
-0.01106348
0.018215652
0.013213982
0.01165466
-0.006510107
0.007897094
0.013332668
0.007279366
-0.017377288
0.025502293
0.018266676
-0.000440892
0.016209955
-0.010923599
0.016990862
-0.014797137
0.003937178
0.020744074
-0.012480657
-0.014394321
-0.02266332
-0.016768312
-0.004582329
0.021350641
-0.025030504
-0.035648052
-0.016856436
-0.013200675
-0.029466114
-0.036121987
0.015123307
0.045035911
0.030697477
-0.007707167
0.014401028
-0.005733094
0.005733094
-0.011986923
0.007210608
-0.02718614
0.019493795
0.020066049
-0.007597389
0.009016252
0.021959125
0.018768422
-0.005912414
0.011790077
-0.002707363
0.025001302
0.023961757
0.025919607
-0.005046268
0.006304537
0.037415057
0.006436056
0.005994499
-0.008805822
0.01714023
-0.005944598
0.013035298
-0.001963622
-0.001181035
-0.00790518
-0.020039455
0.001615534
0.001618094
0.001610323
0.051052814
0.006106889
0.033674392
0.006599507
-0.00881063
-0.017108349
0.014154137
-0.02622977
-0.027715434
0.033017684
-0.038887814
0.02366682
-0.010018112
0.014608786
0.006088299
-0.004562746
-0.020016065
0.016962627
0.003053438
-0.002290426
0.024898774
0.012589274
0.044609411
-0.006352584
-0.004970975
0.001424751
0.017611153
0.009729055
0.010318914
0.018312899
-0.033483397
-0.030338535
0.019157439
0.00070137
-0.004222385
-0.002116766
0.0326747
0.003415229
0.004759204
0.026775361
0.002638524
0.04129619
-0.045256592
-0.025453484
-0.01987158
-0.004854955
0.006930035
-0.004152255
-0.005563297
-0.017588645
-0.003553792
-0.01579358
-0.035349778
0.028087582
-0.017647517
0.016919555
0.014482496
0.02274438
0.005606175
-0.038468561
0.005071799
-0.008708328
0.007262196
-0.009452348
-0.022903416
0.028004778
0.003625976
-0.017531514
-0.012605588
0.020680205
-0.013987428
0.020543667
0.002177441
-0.006541932
0.015916979
-0.012277807
-0.008027483
0.005116273
0.002185366
0.044798365
0.01312517
0.001373937
0.037664129
0.011809061
0.050250088
0.040723687
-0.0326925
0.027916376
0.02832045
0.008687221
0.00918491
-0.019619787
0.005230122
0.001160603
0.017790074
0.010186845
0.019516418
0.037922637
-0.009077983
0.007482665
0
0.004781734
-0.007981736
-0.036447673
0.034308634
-0.032647078
0.00716366
0.025483418
-0.03930637
-0.014016708
0.024541087
-0.031339974
-0.01373804
-0.036987821
-0.001796829
0.024269685
-0.009400774
-0.013669389
-0.009621232
0.015585927
-0.01076374
0.003001142
0.028952346
0.036035714
-0.006199854
0.017927667
-0.017361631
-0.002262444
0.021842603
-0.002218528
-0.029868901
-0.037300361
-0.092640492
0.053894726
-0.006814276
-0.013136511
-0.026804413
0.053829377
0.002753911
-0.014778594
0.03414966
0.016647233
0.02158055
-0.001152887
-0.03050087
0.004159529
0.023447733
0.012094354
0.039836049
-0.031287468
0.026323794
-0.015599216
0.013940349
-0.025233534
-0.056056759
0.000601381
-0.028615881
-0.035842612
-0.036509922
-0.031704763
0.060502565
0.029245568
-0.033770889
0.038148261
0.05107488
-0.003564849
-0.02043148
-0.026455913
0.059891832
0.032921468
-0.033509779
0.006441255
-0.015292533
0.002368264
0.008830433
-0.007058853
-0.000591438
-0.005922292
0.00296553
0.008259634
0.027239251
0.012501981
0.01234404
-0.008963654
-0.021040536
0.011428696
-0.010855067
0.027756878
-0.019177125
0.018059182
0.016639319
0.04779517
0.020758383
0.02083856
0.03022198
-0.0484966
0.059659836
-0.021464239
-0.037171532
0.042090381
0.047433293
-0.017940425
0.01840901
-0.015556106
0.018358536
-0.046297155
0.030311859
0.014117882
0.004662013
0.025258941
0.018869922
-0.014343579
0.036350101
-0.012704841
0.004399479
-0.013256933
-0.010733556
-0.002250011
0.016535969
0.038265538
0.031908669
-0.004971013
-0.004161471
-0.015973438
-0.036680863
0.01136236
-0.01444473
0.054902294
0.03848203
0.04399767
-0.026876641
-0.013113008
0.035367144
0.058122616
-0.017269734
0.031377985
0.005730675
-0.011855138
-0.031201494
-0.004859514
-0.04757325
0.005877237
0.032285664
-0.03189574
0.003508716
0.013142825
-0.03120378
-0.009554213
-0.040821995
-0.028742469
0.013628831
0.007164796
0.043557913
-0.016623771
0.004079973
-0.022232287
0.01076615
-0.021229358
0.007127092
0.017391743
0.017498549
0.025881747
0.017533437
-0.00270679
0.000387841
-0.007773062
0.034888864
0.019033385
-0.011525842
0.031293397
-0.007275401
0.009446582
-0.036836599
0.027754463
0.049485647
-0.010124573
0.036518009
0.006743114
-0.036965194
0.033599321
0.023985161
-0.009259325
-0.00800538
0.013306916
-0.003310165
-0.013351333
-0.031401898
-0.048304845
0.034338138
-0.025642431
-0.067139303
0.025896344
-0.013626252
0.035196445
0.012431604
0.022989518
-0.046520016
-0.022574322
-0.000761325
-0.009181396
-0.017836844
-0.022953125
0.013519093
-0.015121657
0.014331456
0.007874056
0.002350177
0.007794272
-0.017228304
-0.028848154
0.028848154
-0.005544569
0.007911434
-0.011093616
-0.011218066
-0.004037147
-0.0130295
0.029081209
-0.001593626
0.02907867
-0.027485044
-0.000796496
-0.026646712
0.040887459
0.008603886
-0.010963305
0.036339522
-0.030060067
-0.022152805
-0.007226045
0.001610306
0.041754785
0.022884294
0.025317808
0.045282619
-0.027789462
-0.005797118
-0.016117565
0.003685961
0.021114727
0.014306396
0.024554022
0.01102699
0.008870751
-0.026851872
0.030242855
0.002704532
0.007399967
0.010003418
-0.005990035
0.013921339
-0.005942573
0.052253099
-0.010742599
-0.052832631
0.01462792
-0.039035912
-0.008962487
-0.029517252
0.013461061
0.013282265
-0.034620201
-0.013024786
-0.011721746
-0.000737191
0.002209946
0.009520394
-0.007315322
-0.015538603
-0.010494849
0.014959142
-0.029380644
0.035302201
-0.004437877
0.002960772
0.005160351
-0.014069095
-0.005233657
0.036073105
0.064402937
0.03333642
-0.007239255
-0.014637653
-0.010781776
0.003381809
-0.002027713
-0.006107925
0.043296806
-0.017094433
-0.021448543
0.019457172
0.009917437
-0.011912782
0.01257046
-0.025975486
0.014735699
0.025600348
0.011598068
-0.030571487
0.01507731
-0.052081195
-0.002745369
0.005483221
0.007490672
-0.028907725
0.011801595
-0.006403898
0.02824777
-0.008135638
0.020216322
0.000666889
0.012587116
-0.006605044
-0.018729645
-0.016338008
-0.004126553
-0.029372741
-0.00213144
-0.017940919
0.066527852
0.008769028
-0.004037691
-0.002700879
-0.000676361
-0.016371443
-0.01106512
0.029464276
-0.002027713
0.002027713
-0.006095515
-0.00272109
-0.002045688
-0.017906815
-0.011884097
-0.019887019
0.02829043
-0.004893404
-0.024832777
0.003585518
-0.026842381
-0.000735565
0.012431604
0.043376868
-0.002089865
0.022751757
-0.006153866
-0.010341354
0.009483922
0.023238834
0.017287665
0.013748171
-0.007177845
-0.02587209
-0.013532006
0.010840215
0.012056409
0.028873397
0.021120785
0.094220289
0.047279273
0.013645828
-0.021930704
0.027339046
0.01445383
-0.001055319
0.014262827
-0.013735028
0.003720729
-0.002657465
-0.007466701
-0.001611576
-0.034359604
0.010484248
-0.034067599
0.012988017
0.007260144
-0.025946182
-0.03311841
0.018725035
0.040339557
0.026912972
-0.074812664
-0.00938974
-0.021454935
-0.024391453
0.015309372
-0.034001505
-0.006309169
-0.005076153
-0.003824096
0.050435711
-0.020869469
0.027521217
0.027948362
0.00059103
0.030598565
-0.055525671
0.019048195
-0.058894104
-0.003131854
-0.010722272
-0.009557257
0.020279529
-0.046878567
-0.013236461
0.004652717
0.005291018
-0.036954155
0.00273411
-0.024180798
0.01595594
0.027826702
0.029025784
-0.058919315
0.02452439
0.028525981
0.045389702
0.009950331
-0.030153038
-0.029775663
0.002624673
0
0.041084083
-0.020331069
0.053729349
0.004854379
0.080228945
-0.001672907
-0.070722394
0.002399533
0.027197894
-0.036221149
0.027431655
-0.156309872
-0.025776418
-0.025010235
-0.004350986
0.034991074
-0.034264594
-0.025746181
-0.055144138
-0.001576045
-0.066854555
0.023334392
0.059946031
-0.023548969
0.003172088
-0.169576518
0.04044669
-0.020018867
0.026305372
-0.000895656
0.051517284
-0.049726773
0.00979091
-0.00177305
0.009713101
-0.018625816
-0.029066533
-0.02425492
0.025176155
0.013717636
0.008141158
0.001800181
-0.026425228
-0.022409901
-0.017143277
-0.013539859
-0.015701991
0.036897389
-0.063966711
-0.001016777
0.031049064
-0.012903405
0.03146769
0.02674467
0.008446789
0.040298493
0.012489012
-0.024227295
0
-0.028560209
0.014842573
0.037944932
0.026248226
0.002587324
0.015384919
0.016821255
0.073929236
-0.010120756
-0.027768543
0.023062652
-0.008685408
0.001584786
-0.022418873
0.035789108
0
-0.01892801
0.030578627
0.013041995
-0.031748698
-0.003941669
0.014896395
-0.004680196
-0.012588679
-0.009546612
0.003988837
-0.070928319
0.022814678
-0.033987978
-0.024498163
-0.022392337
-0.017359961
0.022780028
0.00449439
0.001792115
-0.016245845
0.00995934
0.012533736
-0.016143848
0.012578782
0.057257615
0.00168492
-0.022128563
-0.002585094
-0.00345722
-0.007822726
-0.008764298
0.007891317
-0.007891317
-0.005295688
0.00881063
-0.007042283
0.005286356
-0.007054703
0.009687438
-0.00527242
-0.013303966
-0.002682165
0.005357156
-0.000890869
-0.009852296
0.008960633
-0.010762436
-0.007239851
-0.010041162
0.001833181
-0.036367644
-0.025001302
-0.018673761
0.031252544
-0.011605546
-0.000973236
-0.01471336
-0.032131278
0.023198216
-0.033454717
0.011276388
-0.016444358
-0.019885532
-0.044307625
-0.020089961
-0.001128032
0.003380285
-0.025058259
0.006896579
0.021530577
-0.024972921
-0.011560822
-0.064848647
0.001239926
0.025689486
0.178691789
0.052151512
-0.048119248
-0.01011131
-0.004073325
0.050731912
0.049205763
0.020110367
-0.002718624
0.010830431
0.009825894
-0.029772158
0.018149319
0.014285957
-0.015185642
0.020490695
-0.050643733
-0.014012373
0.035123758
0.018002286
-0.016187404
0.001811595
-0.027524673
0.008337241
0.007352974
0.024424552
0.010666768
-0.053576135
-0.029344273
-0.125739678
-0.013158085
-0.003316753
0.059125225
-0.054705328
-0.064906101
0.024405627
0.064466762
0.005367699
-0.019460074
-0.031044622
-0.120743495
-0.028352415
-0.064799993
-0.076793691
0.045629696
0.066784199
0.009377162
-0.009377162
-0.041214624
-0.02700946
