'data.frame':	1262 obs. of  4 variables:
 $ Date: Date, format: "1996-01-03" "1996-01-04" ...
 $ INTC: num  -0.01504 -0.00434 0 0.00217 -0.04662 ...
 $ MSFT: num  -0.03256 0.00574 -0.01151 -0.00146 -0.07288 ...
 $ GE  : num  0.00169 -0.01195 0.00172 0.00684 -0.00963 ...
           Date          INTC          MSFT            GE
1    1996-01-03 -0.0150378774 -0.0325598781  0.0016924128
2    1996-01-04 -0.0043403997  0.0057388835 -0.0119494265
3    1996-01-05  0.0000000000 -0.0115108920  0.0017182207
4    1996-01-08  0.0021655766 -0.0014551794  0.0068351939
5    1996-01-09 -0.0466236967 -0.0728815171 -0.0096277539
6    1996-01-10 -0.0160371340  0.0269205196 -0.0321196242
7    1996-01-11  0.0495681817  0.0503017280  0.0017761609
8    1996-01-12 -0.0044073224 -0.0101453979 -0.0035554822
9    1996-01-15 -0.0591060833 -0.0386424574  0.0000000000
10   1996-01-16  0.0435328780  0.0459023042  0.0088565039
11   1996-01-17 -0.1088592375 -0.0175186553  0.0070359983
12   1996-01-18  0.0198117734  0.0318821206  0.0156354590
13   1996-01-19  0.0073215511  0.0473670715  0.0238552121
14   1996-01-22  0.0120898632  0.0013574426 -0.0033756001
15   1996-01-23  0.0131367554 -0.0275499518 -0.0136091542
16   1996-01-24  0.0383908213  0.0193599836  0.0102221209
17   1996-01-25 -0.0022794295 -0.0207553701  0.0134716765
18   1996-01-26  0.0068373827  0.0125066119  0.0099839576
19   1996-01-29 -0.0102736855 -0.0013799572 -0.0083116687
20   1996-01-30 -0.0057634485  0.0048303514  0.0083116687
21   1996-01-31  0.0202977994  0.0184083997  0.0164189135
22   1996-02-01  0.0182225886  0.0174129168  0.0032548494
23   1996-02-02  0.0088394748 -0.0120220681  0.0016155476
24   1996-02-05  0.0303713401  0.0433972563  0.0128859556
25   1996-02-06  0.0169574141 -0.0064537411  0.0127220180
26   1996-02-07 -0.0212420819  0.0038805438 -0.0095243613
27   1996-02-08 -0.0064546736  0.0204348967  0.0142489007
28   1996-02-09  0.0021654344  0.0125589590 -0.0015749305
29   1996-02-12  0.0040268789 -0.0062597637  0.0031473845
30   1996-02-13 -0.0192280099  0.0012534854  0.0015699853
31   1996-02-14  0.0152011310 -0.0088156752 -0.0126216950
32   1996-02-15 -0.0086620417 -0.0025389062 -0.0095699726
33   1996-02-16  0.0010903602 -0.0063633504 -0.0064286188
34   1996-02-20  0.0054062471 -0.0012759068 -0.0064702135
35   1996-02-21  0.0234842840  0.0215041157  0.0112935887
36   1996-02-22  0.0291081398  0.0259413920  0.0222269260
37   1996-02-23 -0.0030766208  0.0097088141  0.0015699853
38   1996-02-26 -0.0072202480 -0.0281728645 -0.0157963378
39   1996-02-27 -0.0020801672 -0.0049813403 -0.0096005487
40   1996-02-28  0.0082683550  0.0000000000 -0.0211242224
41   1996-02-29 -0.0324108360 -0.0144621558 -0.0082431539
42   1996-03-01 -0.0478955707 -0.0328290046  0.0180476624
43   1996-03-04 -0.0214011155  0.0078185698  0.0129275258
44   1996-03-05  0.0090745254  0.0192953206  0.0048079835
45   1996-03-06 -0.0391411288 -0.0115291594 -0.0048079835
46   1996-03-07 -0.0023437097  0.0032195539  0.0000000000
47   1996-03-08  0.0070297469 -0.0227408188 -0.0409509816
48   1996-03-11  0.0321868906  0.0143532947  0.0231372063
49   1996-03-12 -0.0068063243 -0.0077982027 -0.0198035846
50   1996-03-13  0.0225194272  0.0521393036 -0.0050086982
51   1996-03-14  0.0000000000 -0.0124729797  0.0066754127
52   1996-03-15  0.0478432988  0.0272333662  0.0082840998
53   1996-03-18  0.0105578088  0.0276901763  0.0276665456
54   1996-03-19 -0.0126910263  0.0153271265 -0.0096779648
55   1996-03-20 -0.0569064057 -0.0212811814  0.0016208292
56   1996-03-21  0.0067299476 -0.0377344462  0.0016182064
57   1996-03-22  0.0044663768  0.0037092266  0.0128366639
58   1996-03-25 -0.0222410083 -0.0124339910  0.0079496915
59   1996-03-26  0.0222410083  0.0283813397  0.0000000000
60   1996-03-27  0.0088733499 -0.0024399477 -0.0015848905
61   1996-03-28 -0.0044268329 -0.0024459156 -0.0079545521
62   1996-03-29  0.0088341554  0.0085230223 -0.0048079835
63   1996-04-01  0.0043879831 -0.0036371589  0.0190793934
64   1996-04-02 -0.0043879831  0.0180778709  0.0015749184
65   1996-04-03  0.0130926490 -0.0011935458  0.0093901708
66   1996-04-04  0.0278153147 -0.0011949721  0.0015577570
67   1996-04-08  0.0229454034 -0.0060040848 -0.0093754859
68   1996-04-09  0.0204051197 -0.0207004147 -0.0158290191
69   1996-04-10 -0.0020296914  0.0000000000 -0.0225774509
70   1996-04-11 -0.0214844043 -0.0049322022 -0.0131397822
71   1996-04-12 -0.0135310998  0.0000000000  0.0163999114
72   1996-04-15  0.0166400758  0.0233707925  0.0177275707
73   1996-04-16  0.0677477843  0.0166084820 -0.0064157954
74   1996-04-17 -0.0106557006  0.0065155694  0.0064157954
75   1996-04-18  0.0240531009  0.0284976407  0.0126940072
76   1996-04-19 -0.0076371866  0.0068608144 -0.0015798948
77   1996-04-22  0.0376038258  0.0269678295  0.0047322159
78   1996-04-23  0.0052921139 -0.0011145859 -0.0015749184
79   1996-04-24  0.0309487616 -0.0100373492 -0.0047319673
80   1996-04-25 -0.0089464960  0.0111519351 -0.0127421950
81   1996-04-26 -0.0053972797  0.0066263109 -0.0016052310
82   1996-04-29 -0.0163806607 -0.0077408968 -0.0032103512
83   1996-04-30 -0.0055164390  0.0055322922 -0.0048467844
84   1996-05-01  0.0018382467  0.0164225250  0.0080571356
85   1996-05-02  0.0018467007 -0.0308735099 -0.0048233373
86   1996-05-03  0.0100612165 -0.0067380030 -0.0064780881
87   1996-05-06  0.0009011487  0.0078625684 -0.0097885001
88   1996-05-07 -0.0128090660  0.0122238212 -0.0115356017
89   1996-05-08  0.0128090660  0.0098938946  0.0082567131
90   1996-05-09 -0.0018148294 -0.0065826918  0.0130673887
91   1996-05-10  0.0072629084  0.0120434848  0.0096936134
92   1996-05-13  0.0372713948  0.0321192492  0.0096005487
93   1996-05-14  0.0155593666  0.0031579222  0.0047697988
94   1996-05-15 -0.0068878727 -0.0116235955 -0.0015874064
95   1996-05-16 -0.0069356448 -0.0042598646  0.0141814697
96   1996-05-17 -0.0104831959 -0.0010660982  0.0170674971
97   1996-05-20 -0.0017654852 -0.0021356121  0.0377433881
98   1996-05-21 -0.0106130789 -0.0140215653 -0.0134199903
99   1996-05-22 -0.0053605891  0.0150899415  0.0193263072
100  1996-05-23  0.0142164075  0.0138062617 -0.0029451921
101  1996-05-24  0.0017572605  0.0000000000  0.0044181316
102  1996-05-28  0.0209052006 -0.0106079648 -0.0268285437
103  1996-05-29 -0.0156406035 -0.0010649628 -0.0060584502
104  1996-05-30  0.0017562232  0.0095576117  0.0120877472
105  1996-05-31  0.0544276831  0.0042261666 -0.0060292970
106  1996-06-03  0.0147923714 -0.0031645703  0.0015107357
107  1996-06-04 -0.0040806510 -0.0042328034  0.0119971428
108  1996-06-05  0.0073395018  0.0251321707  0.0059414088
109  1996-06-06 -0.0213588445 -0.0088280837  0.0219763909
110  1996-06-07  0.0000000000  0.0119207061 -0.0043539683
111  1996-06-10 -0.0150645963 -0.0051663292  0.0014557956
112  1996-06-11  0.0150645963  0.0123585711 -0.0161170933
113  1996-06-12  0.0197359859  0.0232702646  0.0073575179
114  1996-06-13 -0.0230653079 -0.0030061138  0.0058458619
115  1996-06-14 -0.0270302882 -0.0131232681  0.0000000000
116  1996-06-17 -0.0137885788  0.0131232681  0.0058118863
117  1996-06-18 -0.0228328933 -0.0182158883 -0.0072719330
118  1996-06-19  0.0141047982 -0.0051186878  0.0000000000
119  1996-06-20 -0.0034991119  0.0000000000  0.0000000000
120  1996-06-21  0.0034991119  0.0173015598  0.0159304227
121  1996-06-24  0.0308327757  0.0020129039  0.0043047850
122  1996-06-25 -0.0100251741 -0.0172664664  0.0042793784
123  1996-06-26 -0.0051669981 -0.0123712918 -0.0100161948
124  1996-06-27  0.0187911422 -0.0046781454  0.0071676365
125  1996-06-28 -0.0059397899  0.0015595948 -0.0086087564
126  1996-07-01  0.0227157002  0.0180504955  0.0057520606
127  1996-07-02 -0.0050011373 -0.0056408018  0.0028566958
128  1996-07-03  0.0016662460 -0.0041194771 -0.0028566958
129  1996-07-05 -0.0374148453 -0.0229621780 -0.0188022046
130  1996-07-08  0.0120587545  0.0162357769 -0.0206529941
131  1996-07-09  0.0051207215 -0.0026032752  0.0089025336
132  1996-07-10 -0.0068297938 -0.0041753714  0.0088239773
133  1996-07-11 -0.0474237748 -0.0427415484 -0.0177265109
134  1996-07-12  0.0248681478 -0.0187315504  0.0014904812
135  1996-07-15 -0.0302751343 -0.0156989771 -0.0317463547
136  1996-07-16  0.0125787822  0.0420451309 -0.0061610874
137  1996-07-17  0.0229425168  0.0150506067  0.0229164574
138  1996-07-18  0.0121424643  0.0232111686  0.0135005036
139  1996-07-19  0.0034439452  0.0092071038 -0.0210811205
140  1996-07-22 -0.0068997922 -0.0102487289 -0.0153358404
141  1996-07-23 -0.0388009297 -0.0657970399 -0.0187220324
142  1996-07-24 -0.0072236021  0.0231467981  0.0062771573
143  1996-07-25  0.0442976947  0.0321536258  0.0093462533
144  1996-07-26  0.0290340493  0.0052587225  0.0092597091
145  1996-07-29 -0.0186843671 -0.0190649842 -0.0170409034
146  1996-07-30  0.0203726427  0.0148588721  0.0015626135
147  1996-07-31  0.0100274117 -0.0063391333  0.0261752545
148  1996-08-01  0.0246581463  0.0230584640  0.0135819887
149  1996-08-02  0.0224728559  0.0225452172  0.0324502265
150  1996-08-05 -0.0079666991 -0.0132570714 -0.0029023683
151  1996-08-06  0.0221527724  0.0183085182  0.0072507699
152  1996-08-07  0.0306279424  0.0060333754 -0.0087086776
153  1996-08-08 -0.0197428681  0.0039936053 -0.0102581143
154  1996-08-09  0.0199283833 -0.0060028304 -0.0133403351
155  1996-08-12 -0.0030409277  0.0060028304  0.0148132641
156  1996-08-13 -0.0230915506 -0.0140673903  0.0000000000
157  1996-08-14  0.0185176687  0.0110736825  0.0043986660
158  1996-08-15  0.0000000000  0.0019968007 -0.0073466966
159  1996-08-16 -0.0092209363 -0.0070191936  0.0014751016
160  1996-08-19 -0.0030926373 -0.0060512896  0.0014729289
161  1996-08-20 -0.0155981843 -0.0010110372  0.0000000000
162  1996-08-21  0.0093940893  0.0010110372 -0.0118373637
163  1996-08-22  0.0336897406  0.0120725812  0.0074120524
164  1996-08-23 -0.0167079286 -0.0141021698  0.0132104967
165  1996-08-26 -0.0046019773 -0.0030423613 -0.0014600362
166  1996-08-27  0.0030736261  0.0151457349  0.0101687138
167  1996-08-28 -0.0030736261  0.0069847457 -0.0014473673
168  1996-08-29  0.0015429354 -0.0120121757 -0.0189945262
169  1996-08-30 -0.0193894062 -0.0131764811 -0.0193549738
170  1996-09-03  0.0224484481  0.0071190888  0.0119539036
171  1996-09-04  0.0076362473  0.0000000000  0.0014860513
172  1996-09-05 -0.0199588895 -0.0153158560 -0.0119433770
173  1996-09-06  0.0077206649  0.0081967672  0.0178583959
174  1996-09-09  0.0273187149  0.0192038086  0.0102731797
175  1996-09-10  0.0096808033 -0.0040120351  0.0043666328
176  1996-09-11  0.0081225183  0.0060088357  0.0000000000
177  1996-09-12  0.0043993878  0.0275880000  0.0115636772
178  1996-09-13  0.0317083681  0.0182976840  0.0156805095
179  1996-09-16  0.0056512493  0.0038095284  0.0000000000
180  1996-09-17  0.0615434007  0.0179011711 -0.0156805095
181  1996-09-18  0.0144774760  0.0194165919  0.0028718946
182  1996-09-19  0.0142791574  0.0091187372  0.0071369135
183  1996-09-20  0.0038561842  0.0027142725  0.0141228143
184  1996-09-23 -0.0168241967 -0.0027142725 -0.0070364756
185  1996-09-24  0.0077976366 -0.0063737901  0.0154167653
186  1996-09-25  0.0077455734 -0.0091773121  0.0179210115
187  1996-09-26  0.0012809866 -0.0270903271 -0.0123684136
188  1996-09-27 -0.0051421232  0.0178339647  0.0123750833
189  1996-09-30 -0.0149547379 -0.0187798664 -0.0054841199
190  1996-10-01  0.0032726644  0.0018909097 -0.0041261836
191  1996-10-02  0.0333781403  0.0196772478  0.0136971036
192  1996-10-03  0.0050401209 -0.0055843783  0.0000000000
193  1996-10-04  0.0217467657  0.0175701107  0.0175342015
194  1996-10-07  0.0260803236  0.0082140064  0.0066614004
195  1996-10-08 -0.0266974024 -0.0155737344 -0.0080003291
196  1996-10-09 -0.0074108833 -0.0064859837 -0.0053671436
197  1996-10-10 -0.0099593399 -0.0055888226 -0.0094673544
198  1996-10-11  0.0536072827  0.0249160836  0.0254895986
199  1996-10-14  0.0211222545 -0.0036529774  0.0065998332
200  1996-10-15  0.0320029664  0.0163372055  0.0026239409
201  1996-10-16  0.0134142392 -0.0063220029 -0.0026239409
202  1996-10-17 -0.0167924738 -0.0182820448  0.0013096233
203  1996-10-18 -0.0067909007 -0.0055474621  0.0000000000
204  1996-10-21 -0.0206687911 -0.0055843783  0.0065543815
205  1996-10-22 -0.0211050223 -0.0112571545 -0.0013074440
206  1996-10-23  0.0360694838  0.0149815536  0.0091100885
207  1996-10-24 -0.0172884191  0.0156742836 -0.0038968865
208  1996-10-25 -0.0199633369 -0.0013711154 -0.0026063865
209  1996-10-28  0.0059126068  0.0013711154 -0.0091633763
210  1996-10-29 -0.0154522638 -0.0091882999  0.0104674187
211  1996-10-30  0.0224985396  0.0064383151  0.0000000000
212  1996-10-31  0.0288560095  0.0073126682  0.0077824361
213  1996-11-01 -0.0102927966  0.0009147026 -0.0012939266
214  1996-11-04  0.0148352050  0.0045378166  0.0077322973
215  1996-11-05  0.0323118653  0.0250460319  0.0140214077
216  1996-11-06  0.0418762534  0.0209797905  0.0286982705
217  1996-11-07  0.0269717516 -0.0069444724  0.0110126826
218  1996-11-08  0.0010267820  0.0000000000 -0.0061005223
219  1996-11-11  0.0132011668  0.0008693085 -0.0012257798
220  1996-11-12 -0.0234835067 -0.0131365792 -0.0012272842
221  1996-11-13 -0.0124732843  0.0226659779  0.0170346288
222  1996-11-14  0.0031312600  0.0313970848  0.0131812179
223  1996-11-15 -0.0339327834 -0.0041845213 -0.0071687404
224  1996-11-18 -0.0043263313  0.0091871984 -0.0084299885
225  1996-11-19  0.0455319226  0.0359221828 -0.0036313352
226  1996-11-20  0.0010384701 -0.0169877224 -0.0024321963
227  1996-11-21 -0.0166854474 -0.0189344604 -0.0110126826
228  1996-11-22  0.0300358099  0.0008295799 -0.0061682855
229  1996-11-25 -0.0081939844  0.0197374828  0.0268626959
230  1996-11-26  0.0183510642  0.0016299413 -0.0170080299
231  1996-11-27  0.0229675106  0.0113152233  0.0048881758
232  1996-11-29  0.0019669558  0.0088048532  0.0145286444
233  1996-12-02  0.0019694208  0.0055634523 -0.0072379373
234  1996-12-03 -0.0098797317 -0.0196090237 -0.0395087217
235  1996-12-04  0.0283889707 -0.0093370487 -0.0034739795
236  1996-12-05 -0.0096976660 -0.0016300433 -0.0130359538
237  1996-12-06 -0.0201810797 -0.0008160191  0.0025597177
238  1996-12-09  0.0346925383  0.0671910881  0.0063645789
239  1996-12-10 -0.0077119849  0.0015303269 -0.0038176159
240  1996-12-11  0.0582899432  0.0181547663 -0.0115284967
241  1996-12-12  0.0000000000 -0.0289017484 -0.0025828413
242  1996-12-13 -0.0334328254 -0.0124225200  0.0000000000
243  1996-12-16 -0.0394817467 -0.0414732482 -0.0169402315
244  1996-12-17  0.0213781819  0.0399120301  0.0259448888
245  1996-12-18  0.0432823882  0.0338444610  0.0165099333
246  1996-12-19  0.0128089906  0.0268720647  0.0346561409
247  1996-12-20 -0.0211316886 -0.0148418155 -0.0048762432
248  1996-12-23 -0.0177982573  0.0014960439 -0.0123047249
249  1996-12-24  0.0242767842  0.0133457716  0.0098546660
250  1996-12-26  0.0082691750  0.0073344337  0.0121788829
251  1996-12-27 -0.0091955079 -0.0147278067 -0.0072847533
252  1996-12-30 -0.0158200261 -0.0089419374 -0.0085745050
253  1996-12-31 -0.0175044120 -0.0105367543 -0.0274320030
254  1997-01-02 -0.0043087331 -0.0121767402 -0.0127211425
255  1997-01-03  0.0595561555  0.0360942305  0.0152485290
256  1997-01-06  0.0036027294 -0.0029538483 -0.0012628948
257  1997-01-07  0.0318927405  0.0073777369  0.0199992629
258  1997-01-08 -0.0078783355 -0.0193003535 -0.0137068036
259  1997-01-09  0.0052609887 -0.0120664823  0.0149447077
260  1997-01-10  0.0104340989  0.0225041485  0.0024712206
261  1997-01-13  0.0163016337 -0.0059523985  0.0183242925
262  1997-01-14  0.0017014669  0.0192194898  0.0132287391
263  1997-01-15 -0.0354580198 -0.0088282926 -0.0168644608
264  1997-01-16  0.0026357630  0.0161199284 -0.0134612594
265  1997-01-17  0.0117868746  0.0129942773  0.0207195321
266  1997-01-20  0.0082060182  0.0407668996  0.0131870300
267  1997-01-21  0.0191774154  0.0457684185  0.0047488123
268  1997-01-22  0.0270712561  0.0246946665  0.0176141243
269  1997-01-23 -0.0024666146 -0.0273297141 -0.0307324073
270  1997-01-24 -0.0082751753  0.0124561362 -0.0218461977
271  1997-01-27 -0.0024932865  0.0019493671 -0.0148338618
272  1997-01-28  0.0058115786 -0.0052151466  0.0024896631
273  1997-01-29  0.0245319094  0.0168527819  0.0293728371
274  1997-01-30  0.0341417958  0.0390704151  0.0191209745
275  1997-01-31  0.0131822449  0.0086174157 -0.0203231031
276  1997-02-03  0.0099677529  0.0036716825  0.0167634845
277  1997-02-04  0.0053252536  0.0072954095 -0.0131496751
278  1997-02-05 -0.0465939386 -0.0471511655 -0.0084605269
279  1997-02-06 -0.0265817214 -0.0127919903  0.0096641897
280  1997-02-07  0.0210017619  0.0329184153  0.0095716864
281  1997-02-10 -0.0308452702 -0.0265019659 -0.0107753492
282  1997-02-11  0.0008270948  0.0076433493  0.0071945073
283  1997-02-12  0.0324170649  0.0138648584  0.0118750816
284  1997-02-13  0.0015892386  0.0012487794  0.0129028875
285  1997-02-14 -0.0160488411 -0.0214769883 -0.0081874709
286  1997-02-18  0.0008065083 -0.0051216396  0.0105177324
287  1997-02-19 -0.0048592886  0.0012808199  0.0000000000
288  1997-02-20 -0.0263405840 -0.0233473640 -0.0164097147
289  1997-02-21 -0.0236299014 -0.0026281224 -0.0059327088
290  1997-02-24  0.0186162271  0.0525405163  0.0141683639
291  1997-02-25 -0.0016786271 -0.0062597637 -0.0058781490
292  1997-02-26 -0.0169376000  0.0075094220  0.0023577050
293  1997-02-27 -0.0464279245 -0.0420197190 -0.0106479199
294  1997-02-28  0.0152047709  0.0142050308 -0.0216302678
295  1997-03-03  0.0277998310  0.0203052662  0.0048466652
296  1997-03-04  0.0034233226 -0.0037779819 -0.0195352360
297  1997-03-05  0.0211262063  0.0175044469  0.0219527328
298  1997-03-06 -0.0279790789 -0.0314709104  0.0096061317
299  1997-03-07 -0.0129848091 -0.0102828670  0.0071430743
300  1997-03-10  0.0086770982  0.0330398541  0.0047319384
301  1997-03-11 -0.0060632591 -0.0163814462 -0.0071092334
302  1997-03-12 -0.0078508359  0.0038026640 -0.0035707470
303  1997-03-13 -0.0105626908  0.0088197258 -0.0108011640
304  1997-03-14 -0.0241864321 -0.0062912794 -0.0060488105
305  1997-03-17 -0.0109382368  0.0150378774  0.0132605847
306  1997-03-18  0.0027443261 -0.0087465979 -0.0132605847
307  1997-03-19 -0.0249864136 -0.0292807977  0.0048466889
308  1997-03-20 -0.0009410971 -0.0077821404 -0.0084912371
309  1997-03-21 -0.0208513041 -0.0210534092  0.0012183056
310  1997-03-24  0.0009547599 -0.0420994058  0.0299561974
311  1997-03-25  0.0198965443  0.0020793946 -0.0083000037
312  1997-03-26  0.0538683472  0.0426760553 -0.0107694742
313  1997-03-27 -0.0107232080 -0.0053191615 -0.0255932189
314  1997-03-31  0.0000000000 -0.0222445183 -0.0199553715
315  1997-04-01  0.0013459846  0.0168969120 -0.0063162909
316  1997-04-02 -0.0167362808 -0.0134954815 -0.0089128701
317  1997-04-03  0.0261135042  0.0334011366  0.0063788625
318  1997-04-04  0.0306371667 -0.0099011756  0.0250919760
319  1997-04-07  0.0008648697  0.0177588076 -0.0037214645
320  1997-04-08  0.0101778963  0.0244679050  0.0074351584
321  1997-04-09 -0.0301881349 -0.0025477721  0.0061530151
322  1997-04-10 -0.0357813026 -0.0128371468 -0.0036908715
323  1997-04-11 -0.0504301464 -0.0182534403 -0.0363676442
324  1997-04-14  0.0245983642  0.0246946665  0.0214786108
325  1997-04-15 -0.0207786428 -0.0025748086  0.0283442802
326  1997-04-16  0.0226469208  0.0115185013  0.0240133680
327  1997-04-17  0.0294097971 -0.0012751129 -0.0143375395
328  1997-04-18 -0.0063608091  0.0924109666  0.0083894975
329  1997-04-21  0.0090786844  0.0000000000 -0.0035893898
330  1997-04-22  0.0179023633  0.0274931910  0.0387638765
331  1997-04-23  0.0374478659  0.0398724619 -0.0127531594
332  1997-04-24 -0.0008582133 -0.0087241709 -0.0046822981
333  1997-04-25 -0.0155136461 -0.0043907941 -0.0011740082
334  1997-04-28  0.0172238425  0.0109445294  0.0070177730
335  1997-04-29  0.0244666497  0.0352771714  0.0309871718
336  1997-04-30  0.0206155670  0.0207907697  0.0033814329
337  1997-05-01  0.0040725995 -0.0041237172 -0.0113236089
338  1997-05-02  0.0248946790 -0.0020682531  0.0302864269
339  1997-05-05  0.0304557380 -0.0046684372  0.0294012976
340  1997-05-06 -0.0280809484 -0.0242133935  0.0021401911
341  1997-05-07 -0.0135392045 -0.0155699320 -0.0085989296
342  1997-05-08  0.0182719315  0.0075489242  0.0032319560
343  1997-05-09  0.0047154760  0.0032154424  0.0032267824
344  1997-05-12 -0.0023524315  0.0117067961  0.0275122293
345  1997-05-13 -0.0433448430 -0.0031779598  0.0145100922
346  1997-05-14  0.0024565115 -0.0160499830  0.0020522091
347  1997-05-15  0.0345812095  0.0107262831  0.0183123190
348  1997-05-16 -0.0191532471 -0.0145099088 -0.0244917115
349  1997-05-19 -0.0024188579 -0.0027133669  0.0082324008
350  1997-05-20  0.0395914279  0.0341549257  0.0242933329
351  1997-05-21  0.0092729759  0.0104418485 -0.0120728975
352  1997-05-22 -0.0069479040  0.0020713700 -0.0122204354
353  1997-05-23  0.0111704765  0.0184843045  0.0061288849
354  1997-05-27  0.0368464517  0.0300591770 -0.0081818933
355  1997-05-28 -0.0130041466 -0.0059374432  0.0020530084
356  1997-05-29 -0.0203051428  0.0000000000  0.0020488022
357  1997-05-30 -0.0778487306 -0.0150093743 -0.0123461459
358  1997-06-02 -0.0116184145  0.0030212379  0.0041306638
359  1997-06-03 -0.0322375317 -0.0295805110  0.0000000000
360  1997-06-04 -0.0173886289 -0.0130235702  0.0041136716
361  1997-06-05  0.0044823428  0.0114687388 -0.0103186155
362  1997-06-06  0.0197823565  0.0286172036  0.0326584647
363  1997-06-09  0.0220154293  0.0085269744  0.0099887190
364  1997-06-10 -0.0275944755 -0.0024998293  0.0059466526
365  1997-06-11  0.0157998533  0.0173752765  0.0059114989
366  1997-06-12 -0.0264025877  0.0000000000  0.0233026143
367  1997-06-13  0.0075848355  0.0204570372  0.0152372298
368  1997-06-16  0.0171206121  0.0134132279  0.0056552049
369  1997-06-17  0.0164188088  0.0211814693  0.0000000000
370  1997-06-18 -0.0210994786 -0.0302623337 -0.0037650456
371  1997-06-19 -0.0008508934 -0.0067453050  0.0131183777
372  1997-06-20  0.0021286175  0.0043428072  0.0074228900
373  1997-06-23 -0.0106997676 -0.0140563442 -0.0319268712
374  1997-06-24  0.0191855170  0.0307568930  0.0123247436
375  1997-06-25 -0.0089078210 -0.0123795867 -0.0142365672
376  1997-06-26 -0.0206677181 -0.0169134674 -0.0038299621
377  1997-06-27 -0.0100523712 -0.0058651195  0.0028726779
378  1997-06-30 -0.0030803229 -0.0088611047 -0.0047955209
379  1997-07-01 -0.0195798918 -0.0114408473  0.0228152778
380  1997-07-02  0.0279212034  0.0271428135  0.0158553202
381  1997-07-03  0.0134572135  0.0092053922  0.0264733139
382  1997-07-07  0.0166785627 -0.0004817372  0.0071829724
383  1997-07-08  0.0151479892  0.0134230203 -0.0053812889
384  1997-07-09  0.0198556380 -0.0038167985 -0.0154098661
385  1997-07-10 -0.0165179730 -0.0067131136  0.0154098661
386  1997-07-11  0.0242653925 -0.0009644673  0.0160534428
387  1997-07-14  0.0236905056  0.0465864349  0.0052958169
388  1997-07-15  0.0270115153  0.0184490726  0.0165881288
389  1997-07-16  0.0882998873  0.0695196384  0.0247980747
390  1997-07-17 -0.0063859480  0.0071317249 -0.0110414061
391  1997-07-18 -0.0157803396 -0.0620889041 -0.0285843091
392  1997-07-21 -0.0087140108 -0.0330115319 -0.0070563051
393  1997-07-22  0.0351165636  0.0584836340  0.0175461505
394  1997-07-23  0.0063186868 -0.0188209605  0.0043377951
395  1997-07-24  0.0048865811 -0.0246049453 -0.0043377951
396  1997-07-25 -0.0062877883  0.0036166405  0.0060693461
397  1997-07-28 -0.0070356392 -0.0108893998 -0.0104260397
398  1997-07-29 -0.0049522853  0.0212156831 -0.0087707464
399  1997-07-30  0.0140867502  0.0084479963 -0.0026488827
400  1997-07-31  0.0269088067  0.0017727438 -0.0088719273
401  1997-08-01  0.0195471957 -0.0053219984 -0.0143617473
402  1997-08-04  0.0328312476  0.0066452585 -0.0164090955
403  1997-08-05  0.0299135935  0.0122862536 -0.0036863252
404  1997-08-06  0.0037524100  0.0008732346  0.0228020806
405  1997-08-07  0.0000000000  0.0034797749 -0.0154474400
406  1997-08-08 -0.0227409538 -0.0277374497 -0.0175535678
407  1997-08-11 -0.0174047973 -0.0125787822  0.0083551684
408  1997-08-12 -0.0084860910 -0.0164087547 -0.0214858028
409  1997-08-13  0.0110846995  0.0004587183  0.0084605631
410  1997-08-14 -0.0052039875  0.0013778295  0.0000000000
411  1997-08-15 -0.0398960353 -0.0250810917 -0.0518860526
412  1997-08-18  0.0261116840  0.0074976809  0.0386889146
413  1997-08-19  0.0347519510  0.0362153586  0.0075631912
414  1997-08-20  0.0261462870  0.0125281370  0.0223478067
415  1997-08-21 -0.0213687838 -0.0193025901 -0.0289618863
416  1997-08-22 -0.0224873483 -0.0045448478 -0.0162445899
417  1997-08-25 -0.0210132057 -0.0054794658 -0.0116283130
418  1997-08-26 -0.0160526762 -0.0110498362 -0.0137362889
419  1997-08-27  0.0147240391 -0.0032467465 -0.0079383371
420  1997-08-28 -0.0181006663 -0.0187534938 -0.0039904847
421  1997-08-29 -0.0027112809  0.0009475876  0.0010003343
422  1997-09-02  0.0313877116  0.0371272065  0.0563251426
423  1997-09-03 -0.0132383460 -0.0045676792  0.0121974524
424  1997-09-04  0.0086254709  0.0118305292 -0.0065476030
425  1997-09-05 -0.0006631525 -0.0063535604 -0.0047098265
426  1997-09-08  0.0144384284  0.0144602715  0.0103279344
427  1997-09-09  0.0187145647  0.0013457079 -0.0028073942
428  1997-09-10 -0.0232852714 -0.0318658054 -0.0122480265
429  1997-09-11 -0.0026224491  0.0124118485 -0.0143180514
430  1997-09-12 -0.0105548484  0.0081907646  0.0190455378
431  1997-09-15 -0.0234832624 -0.0539916666  0.0018865933
432  1997-09-16  0.0399268813  0.0426001683  0.0324252501
433  1997-09-17 -0.0016339290 -0.0236512500  0.0162755948
434  1997-09-18 -0.0068841860 -0.0070645899  0.0062592685
435  1997-09-19  0.0045947191  0.0219693727  0.0008916126
436  1997-09-22  0.0097776917 -0.0139681973  0.0017765041
437  1997-09-23  0.0281355268  0.0162763942 -0.0170298641
438  1997-09-24 -0.0359474939 -0.0228600492 -0.0072611922
439  1997-09-25 -0.0264910792  0.0023560690 -0.0258307555
440  1997-09-26 -0.0006738370  0.0046985490  0.0212717310
441  1997-09-29  0.0245459012  0.0083979899  0.0109193117
442  1997-09-30 -0.0326370692 -0.0163984059 -0.0145887286
443  1997-10-01  0.0101026939  0.0117422296  0.0073209679
444  1997-10-02 -0.0013376889 -0.0051493620  0.0135790695
445  1997-10-03  0.0020101723  0.0130537887 -0.0063113088
446  1997-10-06  0.0020061396  0.0013863465  0.0116925977
447  1997-10-07  0.0185436680  0.0105828572  0.0299616143
448  1997-10-08 -0.0072452725  0.0176922801 -0.0210537699
449  1997-10-09  0.0013216189 -0.0004490217  0.0017686300
450  1997-10-10 -0.0179801309 -0.0177002968 -0.0106764744
451  1997-10-13 -0.0047154157  0.0018298267 -0.0071785741
452  1997-10-14 -0.0081350378 -0.0004564113  0.0000000000
453  1997-10-15 -0.0574382412 -0.0068830712 -0.0090529543
454  1997-10-16 -0.0152564107 -0.0136739104  0.0081508978
455  1997-10-17 -0.0282162284 -0.0124469777  0.0009020565
456  1997-10-20  0.0127234488  0.0028300182  0.0107529799
457  1997-10-21  0.0125588706  0.0433462367  0.0071020685
458  1997-10-22 -0.0140476535 -0.0205151410 -0.0169538049
459  1997-10-23 -0.0248781477 -0.0004629350 -0.0301558183
460  1997-10-24 -0.0231678267 -0.0018420669 -0.0215663621
461  1997-10-27 -0.0678776241 -0.0492056885 -0.0625811147
462  1997-10-28  0.1285010633  0.0343217149  0.0710781960
463  1997-10-29 -0.0575068820 -0.0189220118 -0.0247415954
464  1997-10-30 -0.0577041502 -0.0173445581 -0.0253693053
465  1997-10-31  0.0163640302  0.0106348112  0.0215097977
466  1997-11-03  0.0192918392  0.0312362593  0.0379543495
467  1997-11-04 -0.0331851876  0.0009330236  0.0193624866
468  1997-11-05 -0.0174351283 -0.0051349490  0.0099950037
469  1997-11-06 -0.0151917875 -0.0112942462 -0.0054398357
470  1997-11-07  0.0521860314 -0.0037932744 -0.0146510812
471  1997-11-10 -0.0303186910 -0.0105047766 -0.0111320588
472  1997-11-11  0.0148656196  0.0033526045  0.0055815197
473  1997-11-12 -0.0173630619 -0.0110634801 -0.0244117493
474  1997-11-13  0.0392551789  0.0182156523  0.0391437803
475  1997-11-14  0.0103681592  0.0132139823  0.0136204872
476  1997-11-17  0.0212044572  0.0116546603  0.0266924592
477  1997-11-18 -0.0212044572 -0.0065101065 -0.0230934915
478  1997-11-19  0.0039596948  0.0078970939  0.0160434390
479  1997-11-20  0.0226690453  0.0133326679  0.0175306840
480  1997-11-21 -0.0077615921  0.0072793664  0.0112321160
481  1997-11-24 -0.0268338880 -0.0173772878 -0.0155849945
482  1997-11-25 -0.0218390304  0.0255022928  0.0155849945
483  1997-11-26  0.0024537440  0.0182666761  0.0094052629
484  1997-11-28  0.0129669150 -0.0004408922  0.0059364319
485  1997-12-01  0.0487107310  0.0162099554  0.0016920268
486  1997-12-02 -0.0430904750 -0.0109235994 -0.0050805492
487  1997-12-03  0.0055837226  0.0169908624 -0.0085239731
488  1997-12-04 -0.0233578107 -0.0147971368 -0.0068744071
489  1997-12-05  0.0113453912  0.0039371783  0.0128504707
490  1997-12-08  0.0112181159  0.0207440742  0.0016979448
491  1997-12-09 -0.0365138572 -0.0124806569  0.0143397907
492  1997-12-10 -0.0124772889 -0.0143943212 -0.0117920608
493  1997-12-11 -0.0392504332 -0.0226633197 -0.0170961454
494  1997-12-12 -0.0184458905 -0.0167683120 -0.0034528951
495  1997-12-15  0.0227872736 -0.0045823293  0.0323411012
496  1997-12-16 -0.0130867534  0.0213506412  0.0100002868
497  1997-12-17 -0.0239873392 -0.0250305036 -0.0049876427
498  1997-12-18 -0.0054128038 -0.0356480523 -0.0134219208
499  1997-12-19  0.0125788549 -0.0168564355 -0.0136045224
500  1997-12-22  0.0203286192 -0.0132006754  0.0119124955
501  1997-12-23 -0.0176495212 -0.0294661136 -0.0388133746
502  1997-12-24  0.0008876240 -0.0361219870  0.0000000000
503  1997-12-26  0.0088558689  0.0151233067 -0.0035228646
504  1997-12-29 -0.0008797946  0.0450359109  0.0226903892
505  1997-12-30  0.0122808957  0.0306974772  0.0263968472
506  1997-12-31 -0.0202569700 -0.0077071672 -0.0135354046
507  1998-01-02  0.0332474587  0.0144010281  0.0084805577
508  1998-01-05  0.0254908206 -0.0057330941  0.0175833197
509  1998-01-06 -0.0186265501  0.0057330941 -0.0133698592
510  1998-01-07 -0.0051437805 -0.0119869231  0.0083781041
511  1998-01-08  0.0212519141  0.0072106084 -0.0092160896
512  1998-01-09 -0.0333523787 -0.0271861403 -0.0247174753
513  1998-01-12  0.0508601742  0.0194937947  0.0272375262
514  1998-01-13  0.0172065394  0.0200660493  0.0033515812
515  1998-01-14 -0.0196874415 -0.0075973890 -0.0041922603
516  1998-01-15 -0.0016591405  0.0090162517 -0.0229486839
517  1998-01-16 -0.0066642271  0.0219591246  0.0094132793
518  1998-01-20  0.0190332869  0.0187684223  0.0293765785
519  1998-01-21  0.0057213328 -0.0059124142  0.0000000000
520  1998-01-22 -0.0024464908  0.0117900771 -0.0049752051
521  1998-01-23  0.0089483012 -0.0027073625 -0.0150758782
522  1998-01-26  0.0064546337  0.0250013022  0.0084021697
523  1998-01-27  0.0191227080  0.0239617567  0.0207056612
524  1998-01-28  0.0210885316  0.0259196067  0.0000000000
525  1998-01-29  0.0138110307 -0.0050462681  0.0114115520
526  1998-01-30 -0.0122659152  0.0063045365  0.0048505179
527  1998-02-02  0.0251435430  0.0374150569  0.0136160802
528  1998-02-03  0.0383798678  0.0064360558 -0.0128092873
529  1998-02-04  0.0143804181  0.0059944993 -0.0089067559
530  1998-02-05 -0.0122117549 -0.0088058215 -0.0024400530
531  1998-02-06  0.0120326385  0.0171402298  0.0129545168
532  1998-02-09 -0.0200090643 -0.0059445982 -0.0080763906
533  1998-02-10  0.0050853826  0.0130352980  0.0056618899
534  1998-02-11 -0.0138678554 -0.0019636221  0.0120224048
535  1998-02-12 -0.0007330009 -0.0011810346  0.0007971552
536  1998-02-13 -0.0140684675 -0.0079051795 -0.0087960105
537  1998-02-17  0.0096448878 -0.0200394553  0.0032064422
538  1998-02-18  0.0269605617  0.0016155343  0.0047924131
539  1998-02-19  0.0408515963  0.0016180941 -0.0079988553
540  1998-02-20  0.0137101713  0.0016103229  0.0048077674
541  1998-02-23  0.0255378658  0.0510528139 -0.0064168161
542  1998-02-24 -0.0194293033  0.0061068892 -0.0121391789
543  1998-02-25  0.0174378241  0.0336743924  0.0048741602
544  1998-02-26 -0.0181171335  0.0065995067 -0.0016234027
545  1998-02-27 -0.0288482818 -0.0088106297  0.0096932694
546  1998-03-02 -0.0232645106 -0.0171083486 -0.0153920377
547  1998-03-03 -0.0267461399  0.0141541367  0.0089389927
548  1998-03-04  0.0131020146 -0.0262297697 -0.0122083588
549  1998-03-05 -0.1344642400 -0.0277154340  0.0008233381
550  1998-03-06  0.0333523851  0.0330176836  0.0242536353
551  1998-03-09 -0.0399891582 -0.0388878139  0.0031885287
552  1998-03-10  0.0058115786  0.0236668199  0.0031783943
553  1998-03-11  0.0049568832 -0.0100181123  0.0031721865
554  1998-03-12  0.0065659216  0.0146087860  0.0023687003
555  1998-03-13  0.0032694884  0.0060882989 -0.0111126462
556  1998-03-16  0.0137695269 -0.0045627456  0.0134795932
557  1998-03-17 -0.0121387826 -0.0200160647  0.0078419762
558  1998-03-18  0.0032483100  0.0169626272 -0.0039133010
559  1998-03-19  0.0040495064  0.0030534375  0.0046948891
560  1998-03-20 -0.0204135366 -0.0022904259  0.0193288134
561  1998-03-23 -0.0091188960  0.0248987739 -0.0146558632
562  1998-03-24 -0.0083597414  0.0125892740  0.0268314484
563  1998-03-25  0.0215948179  0.0446094106 -0.0075918856
564  1998-03-26  0.0275515607 -0.0063525841  0.0053181448
565  1998-03-27  0.0087560405 -0.0049709751  0.0128057415
566  1998-03-30 -0.0191991897  0.0014247513  0.0214775928
567  1998-03-31  0.0088475548  0.0176111532  0.0102019008
568  1998-04-01 -0.0072326034  0.0097290552  0.0028988397
569  1998-04-02 -0.0146240559  0.0103189139  0.0150686463
570  1998-04-03  0.0049002328  0.0183128988 -0.0042827066
571  1998-04-06 -0.0381805242 -0.0334833966 -0.0064568905
572  1998-04-07 -0.0170676870 -0.0303385354  0.0035926964
573  1998-04-08 -0.0008585855  0.0191574392 -0.0115466101
574  1998-04-09  0.0162320078  0.0007013695  0.0043447358
575  1998-04-13  0.0333357946 -0.0042223849  0.0036091779
576  1998-04-14 -0.0032856018 -0.0021167663 -0.0021639432
577  1998-04-15 -0.0149095386  0.0326746995 -0.0007223563
578  1998-04-16 -0.0067032975  0.0034152285 -0.0108877402
579  1998-04-17  0.0108674804  0.0047592039  0.0187981100
580  1998-04-20  0.0173057995  0.0267753612 -0.0129779840
581  1998-04-21  0.0313621134  0.0026385240 -0.0007230069
582  1998-04-22  0.0629086692  0.0412961904 -0.0102203520
583  1998-04-23 -0.0097145310 -0.0452565916 -0.0088431839
584  1998-04-24 -0.0143663367 -0.0254534840 -0.0066859080
585  1998-04-27 -0.0254538896 -0.0198715795 -0.0172867594
586  1998-04-28 -0.0086323627 -0.0048549550 -0.0160475645
587  1998-04-29  0.0101943647  0.0069300347  0.0145325670
588  1998-04-30  0.0085402054 -0.0041522551  0.0343308488
589  1998-05-01  0.0161109112 -0.0055632967 -0.0022052702
590  1998-05-04 -0.0015239386 -0.0175886448 -0.0073789905
591  1998-05-05 -0.0015213532 -0.0035537918 -0.0126720792
592  1998-05-06 -0.0061284301 -0.0157935803 -0.0030040682
593  1998-05-07 -0.0046161319 -0.0353497779 -0.0144003968
594  1998-05-08  0.0371114926  0.0280875818  0.0159017250
595  1998-05-11 -0.0187637079 -0.0176475168  0.0000000000
596  1998-05-12  0.0246920182  0.0169195551  0.0030032252
597  1998-05-13  0.0029533983  0.0144824956  0.0141290062
598  1998-05-14 -0.0029533983  0.0227443803 -0.0059235966
599  1998-05-15 -0.0515651313  0.0056061752 -0.0179916654
600  1998-05-18 -0.0117447550 -0.0384685609 -0.0015152526
601  1998-05-19  0.0023630445  0.0050717994  0.0045352054
602  1998-05-20 -0.0327397887 -0.0087083279  0.0333756518
603  1998-05-21 -0.0380488922  0.0072621960  0.0029121729
604  1998-05-22  0.0025247750 -0.0094523478 -0.0109709372
605  1998-05-26  0.0050305066 -0.0229034159 -0.0260719423
606  1998-05-27 -0.0050305066  0.0280047778  0.0112591068
607  1998-05-28 -0.0109961471  0.0036259763  0.0074338450
608  1998-05-29 -0.0284618185 -0.0175315141 -0.0119215552
609  1998-06-01 -0.0493121012 -0.0126055878 -0.0060163419
610  1998-06-02  0.0182121523  0.0206802052 -0.0015069927
611  1998-06-03 -0.0490178139 -0.0139874280 -0.0175275372
612  1998-06-04  0.0335575397  0.0205436666  0.0258008329
613  1998-06-05  0.0235510688  0.0021774414  0.0156062391
614  1998-06-08 -0.0071853550 -0.0065419316 -0.0036935682
615  1998-06-09  0.0125449881  0.0159169786  0.0044313671
616  1998-06-10 -0.0234295604 -0.0122778067  0.0051458274
617  1998-06-11  0.0000000000 -0.0080274830 -0.0125411784
618  1998-06-12 -0.0018197940  0.0051162728  0.0125411784
619  1998-06-15 -0.0230974720  0.0021853655 -0.0162631026
620  1998-06-16  0.0429871933  0.0447983645  0.0162631026
621  1998-06-17 -0.0080907947  0.0131251698  0.0267655408
622  1998-06-18  0.0062978478  0.0013739371  0.0042700781
623  1998-06-19  0.0044734818  0.0376641289 -0.0107165935
624  1998-06-22  0.0538818678  0.0118090611 -0.0101096772
625  1998-06-23  0.0184391946  0.0502500879  0.0229579540
626  1998-06-24  0.0278502014  0.0407236870  0.0189663992
627  1998-06-25 -0.0228768834 -0.0326924999 -0.0006933116
628  1998-06-26  0.0098677788  0.0279163760  0.0034753132
629  1998-06-29 -0.0073930164  0.0283204501  0.0089817075
630  1998-06-30 -0.0225073330  0.0086872212  0.0000000000
631  1998-07-01  0.0142306303  0.0091849096  0.0034323634
632  1998-07-02 -0.0261052582 -0.0196197869 -0.0027476319
633  1998-07-06  0.0031898653  0.0052301219  0.0102616017
634  1998-07-07  0.0220807308  0.0011606027  0.0081301799
635  1998-07-08  0.0415548223  0.0177900736  0.0073944952
636  1998-07-09  0.0181903219  0.0101868453  0.0086702123
637  1998-07-10  0.0000000000  0.0195164178 -0.0033250562
638  1998-07-13  0.0323853889  0.0379226373 -0.0026706373
639  1998-07-14 -0.0207005476 -0.0090779834  0.0159050365
640  1998-07-15  0.0432078989  0.0074826645 -0.0105741191
641  1998-07-16  0.0000000000  0.0000000000  0.0177797036
642  1998-07-17 -0.0134444985  0.0047817335  0.0097451606
643  1998-07-20 -0.0166776625 -0.0079817362 -0.0123584984
644  1998-07-21 -0.0015309303 -0.0364476727 -0.0271986816
645  1998-07-22  0.0091457399  0.0343086344 -0.0169559843
646  1998-07-23  0.0022722074 -0.0326470778 -0.0151612367
647  1998-07-24  0.0060405541  0.0071636601  0.0185748464
648  1998-07-27  0.0354778665  0.0254834177  0.0034053132
649  1998-07-28 -0.0050965072 -0.0393063699 -0.0129922680
650  1998-07-29 -0.0117483076 -0.0140167076 -0.0145601110
651  1998-07-30  0.0348387900  0.0245410870  0.0200486652
652  1998-07-31 -0.0370555584 -0.0313399739 -0.0207478073
653  1998-08-03  0.0044333749 -0.0137380398  0.0006991421
654  1998-08-04 -0.0344876733 -0.0369878209 -0.0464532938
655  1998-08-05  0.0263471358 -0.0017968286  0.0152471801
656  1998-08-06  0.0336057867  0.0242696845  0.0234954053
657  1998-08-07 -0.0035977674 -0.0094007743 -0.0077706257
658  1998-08-10 -0.0007238946 -0.0136693891 -0.0035518471
659  1998-08-11 -0.0240969855 -0.0096212315 -0.0057114239
660  1998-08-12  0.0124850994  0.0155859270  0.0233492457
661  1998-08-13 -0.0043865087 -0.0107637403 -0.0169257480
662  1998-08-14  0.0109350692  0.0030011416 -0.0049917083
663  1998-08-17  0.0384110845  0.0289523461  0.0212173376
664  1998-08-18  0.0207197067  0.0360357142  0.0159665563
665  1998-08-19 -0.0207197067 -0.0061998536  0.0054956708
666  1998-08-20 -0.0405876180  0.0179276671 -0.0089446005
667  1998-08-21 -0.0124302935 -0.0173616312 -0.0090253290
668  1998-08-24 -0.0036900411 -0.0022624444  0.0013948712
669  1998-08-25 -0.0024025150  0.0218426032  0.0062461969
670  1998-08-26 -0.0169860359 -0.0022185276  0.0013842608
671  1998-08-27 -0.0399426511 -0.0298689006 -0.0437937599
672  1998-08-28 -0.0350922202 -0.0373003614 -0.0079734148
673  1998-08-31 -0.0784894140 -0.0926404924 -0.0708653664
674  1998-09-01  0.0654165079  0.0538947259  0.0330426288
675  1998-09-02 -0.0149095386 -0.0068142756 -0.0283660513
676  1998-09-03  0.0247341347 -0.0131365108 -0.0332048451
677  1998-09-04  0.0193540034 -0.0268044127 -0.0244114633
678  1998-09-08  0.0456637968  0.0538293772  0.0761069357
679  1998-09-09 -0.0080445246  0.0027539108 -0.0208280849
680  1998-09-10 -0.0272922988 -0.0147785941 -0.0397485561
681  1998-09-11  0.0716807966  0.0341496599  0.0279901541
682  1998-09-14  0.0102490123  0.0166472334 -0.0015798279
683  1998-09-15  0.0014515965  0.0215805501 -0.0135185461
684  1998-09-16 -0.0102340693 -0.0011528870  0.0229526507
685  1998-09-17 -0.0245451315 -0.0305008695 -0.0205516423
686  1998-09-18  0.0000000000  0.0041595285 -0.0048038773
687  1998-09-21  0.0193885509  0.0234477331  0.0175012429
688  1998-09-22 -0.0126335791  0.0120943543  0.0078542768
689  1998-09-23  0.0410315901  0.0398360487  0.0510986426
690  1998-09-24 -0.0203053609 -0.0312874682 -0.0278955703
691  1998-09-25  0.0345627866  0.0263237944  0.0159294814
692  1998-09-28 -0.0149735810 -0.0155992160  0.0060027685
693  1998-09-29  0.0170931799  0.0139403491 -0.0082608281
694  1998-09-30 -0.0315672608 -0.0252335341 -0.0407900863
695  1998-10-01 -0.0273390559 -0.0560567585 -0.0515815711
696  1998-10-02  0.0052297754  0.0006013813 -0.0024865024
697  1998-10-05 -0.0402909746 -0.0286158808 -0.0320177389
698  1998-10-06 -0.0117080778 -0.0358426115  0.0102216107
699  1998-10-07 -0.0070901975 -0.0365099220  0.0168085664
700  1998-10-08 -0.0079351312 -0.0317047632 -0.0469178258
701  1998-10-09  0.0662809989  0.0605025647  0.0130175368
702  1998-10-12  0.0192023463  0.0292455681  0.0213235153
703  1998-10-13 -0.0221910376 -0.0337708887  0.0274654464
704  1998-10-14 -0.0120400266  0.0381482614  0.0195128917
705  1998-10-15  0.0239368139  0.0510748802  0.0548286764
706  1998-10-16 -0.0096568325 -0.0035648494  0.0218660549
707  1998-10-19  0.0148172040 -0.0204314800 -0.0052342763
708  1998-10-20 -0.0051603715 -0.0264559132 -0.0135851480
709  1998-10-21  0.0291348028  0.0598918318  0.0195618283
710  1998-10-22  0.0035823081  0.0329214679  0.0308169658
711  1998-10-23 -0.0014323054 -0.0335097789  0.0007228733
712  1998-10-26  0.0191583649  0.0064412552 -0.0079733866
713  1998-10-27 -0.0184396530 -0.0152925333 -0.0043763902
714  1998-10-28  0.0215950771  0.0023682641 -0.0065989115
715  1998-10-29  0.0059406827  0.0088304330  0.0218314526
716  1998-10-30 -0.0062877883 -0.0070588528  0.0078911202
717  1998-11-02  0.0290076324 -0.0005914381 -0.0014307602
718  1998-11-03 -0.0150920284 -0.0059222922  0.0127933959
719  1998-11-04  0.0476877109  0.0029655303  0.0028197400
720  1998-11-05 -0.0086087777  0.0082596340  0.0229752971
721  1998-11-06  0.0151750170  0.0272392511 -0.0048298371
722  1998-11-09  0.0058788376  0.0125019810 -0.0181454600
723  1998-11-10  0.0161432822  0.0123440400  0.0035143872
724  1998-11-11  0.0608897082 -0.0089636535 -0.0212775090
725  1998-11-12 -0.0096913798 -0.0210405356 -0.0064707874
726  1998-11-13  0.0102959208  0.0114286958  0.0178774112
727  1998-11-16  0.0296725737 -0.0108550673  0.0251938465
728  1998-11-17  0.0150905837  0.0277568781 -0.0048499128
729  1998-11-18  0.0125934612 -0.0191771246  0.0192567727
730  1998-11-19  0.0269382391  0.0180591815  0.0088171934
731  1998-11-20 -0.0072226219  0.0166393190  0.0013506304
732  1998-11-23  0.0132968554  0.0477951699  0.0206886855
733  1998-11-24 -0.0279041469  0.0207583825 -0.0039708940
734  1998-11-25 -0.0062466547  0.0208385601 -0.0113399870
735  1998-11-27  0.0022753638  0.0302219802 -0.0094318752
736  1998-11-30 -0.0218278868 -0.0484966004 -0.0212125016
737  1998-12-01  0.0662806026  0.0596598364  0.0082645376
738  1998-12-02 -0.0125772780 -0.0214642387 -0.0020614175
739  1998-12-03 -0.0364313544 -0.0371715321 -0.0321246771
740  1998-12-04  0.0603555473  0.0420903812  0.0231525913
741  1998-12-07  0.0223181064  0.0474332928  0.0075988028
742  1998-12-08  0.0094145013 -0.0179404245 -0.0041379485
743  1998-12-09 -0.0073147169  0.0184090095 -0.0048499128
744  1998-12-10 -0.0390310720 -0.0155561056 -0.0175142174
745  1998-12-11  0.0156873193  0.0183585362  0.0070411689
746  1998-12-14 -0.0427670541 -0.0462971549 -0.0255878831
747  1998-12-15  0.0384635617  0.0303118592  0.0701951440
748  1998-12-16 -0.0157555108  0.0141178815 -0.0121541264
749  1998-12-17  0.0238111459  0.0046620131  0.0248225176
750  1998-12-18  0.0263872925  0.0252589411  0.0268105043
751  1998-12-21  0.0221475314  0.0188699220  0.0153652511
752  1998-12-22 -0.0299925551 -0.0143435794  0.0069637583
753  1998-12-23  0.0486646065  0.0363501013  0.0230730987
754  1998-12-24  0.0000000000 -0.0127048413 -0.0043225017
755  1998-12-28 -0.0232658656  0.0043994792  0.0074028901
756  1998-12-29 -0.0087400025 -0.0132569330  0.0152523325
757  1998-12-30 -0.0156093973 -0.0107335556 -0.0091228588
758  1998-12-31 -0.0052577512 -0.0022500114 -0.0030585448
759  1999-01-04  0.0187999197  0.0165359686 -0.0141928828
760  1999-01-05  0.0199771142  0.0382655381  0.0209099701
761  1999-01-06  0.0494639088  0.0319086685  0.0192903072
762  1999-01-07 -0.0019324098 -0.0049710127 -0.0168596819
763  1999-01-08  0.0033808201 -0.0041614708 -0.0054779837
764  1999-01-11  0.0747274141 -0.0159734376 -0.0266027593
765  1999-01-12 -0.0304244278 -0.0366808633 -0.0196276245
766  1999-01-13  0.0250431403  0.0113623600 -0.0122232712
767  1999-01-14 -0.0385023419 -0.0144447298  0.0051656898
768  1999-01-15  0.0120765721  0.0549022944  0.0372866143
769  1999-01-19  0.0291200334  0.0384820302  0.0068001500
770  1999-01-20 -0.0081046661  0.0439976696 -0.0105291823
771  1999-01-21 -0.0349628867 -0.0268766407 -0.0106412267
772  1999-01-22 -0.0352592918 -0.0131130075 -0.0145797779
773  1999-01-25  0.0134879729  0.0353671438  0.0264665732
774  1999-01-26  0.0471935199  0.0581226164  0.0148150858
775  1999-01-27 -0.0310561378 -0.0172697343 -0.0049150169
776  1999-01-28  0.0328801638  0.0313779847  0.0189092775
777  1999-01-29  0.0269685111  0.0057306747  0.0138011211
778  1999-02-01 -0.0219680696 -0.0118551381 -0.0259603269
779  1999-02-02 -0.0238548347 -0.0312014942 -0.0018350548
780  1999-02-03  0.0301754448 -0.0048595139  0.0085428344
781  1999-02-04 -0.0637259916 -0.0475732496 -0.0270962423
782  1999-02-05 -0.0198915506  0.0058772372 -0.0214508889
783  1999-02-08  0.0341979813  0.0322856635 -0.0044747970
784  1999-02-09 -0.0519926106 -0.0318957395 -0.0161455281
785  1999-02-10  0.0275481745  0.0035087164  0.0199818479
786  1999-02-11  0.0338685944  0.0131428254  0.0208391295
787  1999-02-12 -0.0519843020 -0.0312037797 -0.0240345189
788  1999-02-16 -0.0009882099 -0.0095542128  0.0139852001
789  1999-02-17 -0.0139449146 -0.0408219945  0.0031510821
790  1999-02-18  0.0276949043 -0.0287424689  0.0131308143
791  1999-02-19 -0.0004861487  0.0136288311 -0.0024895875
792  1999-02-22  0.0364198549  0.0071647960  0.0354797181
793  1999-02-23  0.0107653123  0.0435579126 -0.0096638763
794  1999-02-24 -0.0292885159 -0.0166237709 -0.0196064769
795  1999-02-25 -0.0203403808  0.0040799730 -0.0062093649
796  1999-02-26 -0.0631052731 -0.0222322866 -0.0006233665
797  1999-03-01 -0.0242626827  0.0107661495  0.0062132248
798  1999-03-02 -0.0639312410 -0.0212293579 -0.0162310850
799  1999-03-03  0.0434360702  0.0071270919 -0.0056784985
800  1999-03-04 -0.0115105180  0.0173917427  0.0175683298
801  1999-03-05  0.0109638899  0.0174985486  0.0312252185
802  1999-03-08  0.0426949853  0.0258817470  0.0107914243
803  1999-03-09 -0.0367158681  0.0175334373  0.0112664854
804  1999-03-10  0.0134620878 -0.0027067903 -0.0023631884
805  1999-03-11  0.0106372887  0.0003878411  0.0123363478
806  1999-03-12  0.0010571921 -0.0077730619  0.0029141182
807  1999-03-15 -0.0031749353  0.0348888643  0.0252895329
808  1999-03-16  0.0209849560  0.0190333849 -0.0011366378
809  1999-03-17  0.0010374431 -0.0115258421 -0.0143068113
810  1999-03-18  0.0108336092  0.0312933965  0.0143068113
811  1999-03-19 -0.0233579078 -0.0072754007  0.0180193476
812  1999-03-22 -0.0331046393  0.0094465819 -0.0146160670
813  1999-03-23 -0.0048976320 -0.0368365991 -0.0351523368
814  1999-03-24  0.0401000161  0.0277544632  0.0017594079
815  1999-03-25 -0.0110676923  0.0494856470  0.0162595066
816  1999-03-26 -0.0106543016 -0.0101245731 -0.0063560702
817  1999-03-29  0.0409285850  0.0365180088  0.0381055594
818  1999-03-30  0.0000000000  0.0067431139  0.0116492182
819  1999-03-31 -0.0223548609 -0.0369651942 -0.0240037686
820  1999-04-01  0.0166840345  0.0335993210  0.0090007335
821  1999-04-05  0.0533593619  0.0239851605  0.0265207721
822  1999-04-06  0.0227759405 -0.0092593254 -0.0115177371
823  1999-04-07  0.0128564521 -0.0080053796  0.0104257460
824  1999-04-08 -0.0080752825  0.0133069162 -0.0054725548
825  1999-04-09 -0.0019084971 -0.0033101652 -0.0149310696
826  1999-04-12 -0.0656562627 -0.0133513332  0.0377208864
827  1999-04-13 -0.0123185600 -0.0314018975  0.0037461403
828  1999-04-14 -0.0595941942 -0.0483048451 -0.0248921138
829  1999-04-15  0.0249098863  0.0343381376 -0.0137937308
830  1999-04-16 -0.0205318496 -0.0256424306 -0.0111714417
831  1999-04-19 -0.0310457123 -0.0671393028 -0.0602040496
832  1999-04-20  0.0189659003  0.0258963443  0.0426344971
833  1999-04-21  0.0326116616 -0.0136262517  0.0381406455
834  1999-04-22  0.0510777398  0.0351964446 -0.0027551266
835  1999-04-23  0.0040583347  0.0124316043 -0.0033167437
836  1999-04-26  0.0425995997  0.0229895182  0.0055236025
837  1999-04-27 -0.0345352358 -0.0465200156 -0.0088513836
838  1999-04-28 -0.0172180674 -0.0225743220 -0.0089276942
839  1999-04-29 -0.0061449488 -0.0007613247 -0.0353724418
840  1999-04-30  0.0061449488 -0.0091813958 -0.0211274859
841  1999-05-03  0.0311736975 -0.0178368436  0.0023715883
842  1999-05-04 -0.0230354769 -0.0229531248 -0.0065325424
843  1999-05-05  0.0372885504  0.0135190926  0.0379851898
844  1999-05-06 -0.0697586452 -0.0151216570 -0.0069044830
845  1999-05-07  0.0207239052  0.0143314555  0.0154671958
846  1999-05-10 -0.0051400238  0.0078740564 -0.0108607848
847  1999-05-11  0.0274558113  0.0023501773  0.0199147960
848  1999-05-12  0.0030017734  0.0077942717 -0.0067835039
849  1999-05-13 -0.0397807463 -0.0172283040 -0.0079708280
850  1999-05-14 -0.0349414983 -0.0288481543 -0.0313613218
851  1999-05-17  0.0244839569  0.0288481543  0.0029450189
852  1999-05-18 -0.0084502624 -0.0055445687 -0.0190038493
853  1999-05-19  0.0126470840  0.0079114337  0.0353392648
854  1999-05-20 -0.0340818254 -0.0110936161 -0.0145737050
855  1999-05-21 -0.0119888132 -0.0112180664 -0.0219633629
856  1999-05-24 -0.0188168897 -0.0040371472 -0.0060224237
857  1999-05-25 -0.0563047151 -0.0130295003 -0.0109290381
858  1999-05-26 -0.0227170339  0.0290812093  0.0072992808
859  1999-05-27  0.0274335145 -0.0015936258 -0.0239185969
860  1999-05-28  0.0174922181  0.0290786697  0.0098816791
861  1999-06-01 -0.0644602851 -0.0274850438  0.0085689457
862  1999-06-02  0.0243630087 -0.0007964955 -0.0048879728
863  1999-06-03 -0.0280695975 -0.0266467118  0.0079297550
864  1999-06-04  0.0518493646  0.0408874588  0.0192554002
865  1999-06-07  0.0046888414  0.0086038857 -0.0041808251
866  1999-06-08 -0.0332970647 -0.0109633048 -0.0199476661
867  1999-06-09  0.0274335145  0.0363395223  0.0030473493
868  1999-06-10  0.0414798504 -0.0300600668 -0.0165683271
869  1999-06-11 -0.0170740538 -0.0221528046  0.0033959167
870  1999-06-14 -0.0011477181 -0.0072260451  0.0234685991
871  1999-06-15  0.0238513526  0.0016103063  0.0042055403
872  1999-06-16  0.0693663316  0.0417547854  0.0248827404
873  1999-06-17 -0.0286807785  0.0228842938  0.0150999115
874  1999-06-18 -0.0542472486  0.0253178080 -0.0081028150
875  1999-06-21  0.0335619696  0.0452826194 -0.0187669076
876  1999-06-22 -0.0200002740 -0.0277894619  0.0029554653
877  1999-06-23  0.0155906039 -0.0057971177 -0.0005909714
878  1999-06-24 -0.0268779906 -0.0161175650  0.0088223918
879  1999-06-25  0.0045295288  0.0036859607 -0.0219012272
880  1999-06-28  0.0300535511  0.0211147269  0.0166165630
881  1999-06-29  0.0387137542  0.0143063957  0.0324298345
882  1999-06-30  0.0042100769  0.0245540221  0.0297518327
883  1999-07-01  0.0551713096  0.0110269897 -0.0133631794
884  1999-07-02  0.0098918055  0.0088707508  0.0105943229
885  1999-07-06  0.0058890832 -0.0268518715  0.0110350776
886  1999-07-07  0.0077964682  0.0302428547  0.0345036510
887  1999-07-08  0.0211335887  0.0027045317 -0.0079795326
888  1999-07-09  0.0075780178  0.0073999665  0.0010660607
889  1999-07-12 -0.0123409228  0.0100034179 -0.0150530740
890  1999-07-13 -0.0009546950 -0.0059900345  0.0016224847
891  1999-07-14  0.0393650503  0.0139213385  0.0021627390
892  1999-07-15 -0.0046049481 -0.0059425728  0.0149966268
893  1999-07-16 -0.0083463142  0.0522530985  0.0111036255
894  1999-07-19  0.0064965979 -0.0107425994  0.0094191497
895  1999-07-20 -0.0396250778 -0.0528326314 -0.0205227753
896  1999-07-21  0.0095760471  0.0146279204 -0.0053295986
897  1999-07-22 -0.0260738120 -0.0390359117 -0.0167077933
898  1999-07-23  0.0048791292 -0.0089624867  0.0016277711
899  1999-07-26 -0.0206600178 -0.0295172519 -0.0103631733
900  1999-07-27  0.0719037314  0.0134610605  0.0195444925
901  1999-07-28  0.0398980529  0.0132822645 -0.0195444925
902  1999-07-29 -0.0116237463 -0.0346202006 -0.0176976653
903  1999-07-30 -0.0072194734 -0.0130247862 -0.0271507891
904  1999-08-02  0.0329637433 -0.0117217459 -0.0103746550
905  1999-08-03  0.0225330436 -0.0007371913  0.0000000000
906  1999-08-04 -0.0013056738  0.0022099457 -0.0104834178
907  1999-08-05 -0.0190645744  0.0095203941  0.0260039224
908  1999-08-06  0.0017487503 -0.0073153216 -0.0236657084
909  1999-08-09  0.0258653126 -0.0155386034 -0.0182737846
910  1999-08-10 -0.0232493065 -0.0104948489 -0.0017847804
911  1999-08-11  0.0575455961  0.0149591421  0.0112568940
912  1999-08-12 -0.0008216200 -0.0293806444 -0.0094721136
913  1999-08-13  0.0489858492  0.0353022013  0.0252586328
914  1999-08-16 -0.0150027218 -0.0044378771  0.0189619022
915  1999-08-17  0.0055536733  0.0029607720  0.0146875895
916  1999-08-18 -0.0063484833  0.0051603506  0.0022427053
917  1999-08-19 -0.0152434397 -0.0140690954 -0.0061768344
918  1999-08-20  0.0333887208 -0.0052336568  0.0161991128
919  1999-08-23  0.0368428609  0.0360731052  0.0327002148
920  1999-08-24  0.0022576210  0.0644029371  0.0005364814
921  1999-08-25  0.0067448403  0.0333364203  0.0227801344
922  1999-08-26 -0.0318684606 -0.0072392550 -0.0031479390
923  1999-08-27  0.0236207181 -0.0146376532 -0.0201686768
924  1999-08-30 -0.0090773578 -0.0107817756 -0.0200388751
925  1999-08-31 -0.0007616035  0.0033818091 -0.0171041952
926  1999-09-01  0.0150940775 -0.0020277128  0.0121673150
927  1999-09-02  0.0222246963 -0.0061079253 -0.0066188493
928  1999-09-03  0.0458196834  0.0432968058  0.0302534511
929  1999-09-07 -0.0190748587 -0.0170944334  0.0288405143
930  1999-09-08 -0.0194457960 -0.0214485434  0.0088284563
931  1999-09-09  0.0208717175  0.0194571720 -0.0093506621
932  1999-09-10 -0.0042838790  0.0099174367 -0.0047070449
933  1999-09-13 -0.0349362852 -0.0119127815 -0.0052593131
934  1999-09-14  0.0168924290  0.0125704599 -0.0154048290
935  1999-09-15 -0.0333228236 -0.0259754864 -0.0064446660
936  1999-09-16 -0.0045295936  0.0147356987  0.0107190182
937  1999-09-17  0.0239170348  0.0256003479  0.0231840240
938  1999-09-20 -0.0066674845  0.0115980682  0.0165275096
939  1999-09-21 -0.0248423197 -0.0305714865 -0.0227970746
940  1999-09-22  0.0098589192  0.0150773095 -0.0021003299
941  1999-09-23 -0.0663011775 -0.0520811950 -0.0190884813
942  1999-09-24 -0.0238693079 -0.0027453689  0.0106505253
943  1999-09-27  0.0327023811  0.0054832214  0.0168078510
944  1999-09-28 -0.0088330732  0.0074906717 -0.0136323682
945  1999-09-29 -0.0302923614 -0.0289077252 -0.0165031826
946  1999-09-30 -0.0117064658  0.0118015948  0.0180871506
947  1999-10-01  0.0083749565 -0.0064038981 -0.0100666349
948  1999-10-04  0.0271521130  0.0282477701  0.0226386938
949  1999-10-05 -0.0106070930 -0.0081356381  0.0072596841
950  1999-10-06  0.0097961486  0.0202163219  0.0224849661
951  1999-10-07 -0.0172074189  0.0006668890 -0.0147617361
952  1999-10-08  0.0008250136  0.0125871155  0.0233147592
953  1999-10-11  0.0106794353 -0.0066050438 -0.0131123428
954  1999-10-12  0.0024473659 -0.0187296445 -0.0143142158
955  1999-10-13 -0.0613378729 -0.0163380081 -0.0150451143
956  1999-10-14  0.0167551277 -0.0041265533  0.0046923043
957  1999-10-15 -0.0342374328 -0.0293727410 -0.0370989756
958  1999-10-18 -0.0213915267 -0.0021314395  0.0160687509
959  1999-10-19 -0.0632180831 -0.0179409190  0.0037129428
960  1999-10-20  0.0712943425  0.0665278518  0.0297268507
961  1999-10-21  0.0247129102  0.0087690275  0.0132729874
962  1999-10-22  0.0241196152 -0.0040376905  0.0190871039
963  1999-10-25 -0.0302415273 -0.0027008794 -0.0029895098
964  1999-10-26  0.0026274644 -0.0006763612  0.0029895098
965  1999-10-27 -0.0283954165 -0.0163714434  0.0221397253
966  1999-10-28  0.0388395580 -0.0110651198  0.0349068207
967  1999-10-29  0.0702054367  0.0294642760  0.0186238581
968  1999-11-01 -0.0187392258 -0.0020277128 -0.0462568005
969  1999-11-02  0.0195449368  0.0020277128 -0.0029027322
970  1999-11-03  0.0290067742 -0.0060955150  0.0182440280
971  1999-11-04  0.0224717937 -0.0027210901  0.0037970944
972  1999-11-05  0.0099126062 -0.0020456877  0.0141177626
973  1999-11-08 -0.0030392046 -0.0179068146  0.0018689166
974  1999-11-09 -0.0254335069 -0.0118840965 -0.0046765692
975  1999-11-10 -0.0133595983 -0.0198870190  0.0046765692
976  1999-11-11  0.0055208603  0.0282904298  0.0000000000
977  1999-11-12 -0.0417714118 -0.0048934037  0.0102080538
978  1999-11-15 -0.0282878004 -0.0248327766  0.0009236773
979  1999-11-16  0.0331972844  0.0035855184  0.0299883288
980  1999-11-17 -0.0239597046 -0.0268423805  0.0111287922
981  1999-11-18  0.0489496518 -0.0007355646 -0.0129201607
982  1999-11-19  0.0173650398  0.0124316043 -0.0121825005
983  1999-11-22  0.0077934722  0.0433768676  0.0179954741
984  1999-11-23 -0.0188073918 -0.0020898649 -0.0184498689
985  1999-11-24  0.0395549933  0.0227517570 -0.0054644459
986  1999-11-26 -0.0238577056 -0.0061538656 -0.0091727943
987  1999-11-29 -0.0164899284 -0.0103413538 -0.0186065187
988  1999-11-30 -0.0289172737  0.0094839218 -0.0227927982
989  1999-12-01 -0.0049014628  0.0232388342  0.0330698794
990  1999-12-02  0.0162456376  0.0172876646  0.0013919338
991  1999-12-03  0.0144013377  0.0137481707  0.0115344182
992  1999-12-06 -0.0103795455 -0.0071778448  0.0071984495
993  1999-12-07 -0.0088678320 -0.0258720898  0.0199522796
994  1999-12-08 -0.0354387372 -0.0135320062  0.0089997461
995  1999-12-09 -0.0169191312  0.0108402146  0.0161291400
996  1999-12-10 -0.0137472572  0.0120564086  0.0266322271
997  1999-12-13  0.0247785532  0.0288733968  0.0092840543
998  1999-12-14 -0.0221856403  0.0211207851  0.0071140795
999  1999-12-15  0.0859313514  0.0942202891 -0.0378198076
1000 1999-12-16  0.0164899284  0.0472792732  0.0226936136
1001 1999-12-17  0.0223357933  0.0136458276  0.0283829393
1002 1999-12-20 -0.0122618831 -0.0219307035  0.0091135436
1003 1999-12-21  0.0221143713  0.0273390455  0.0292355616
1004 1999-12-22 -0.0045371138  0.0144538301  0.0003982123
1005 1999-12-23  0.0075488512 -0.0010553192 -0.0023780948
1006 1999-12-27  0.0230395969  0.0142628272  0.0126189559
1007 1999-12-28 -0.0245443317 -0.0137350284 -0.0142068533
1008 1999-12-29  0.0104859032  0.0037207291 -0.0043812255
1009 1999-12-30 -0.0022365428 -0.0026574647 -0.0100303747
1010 1999-12-31 -0.0165673393 -0.0074667014 -0.0016154997
1011 2000-01-03  0.0553853230 -0.0016115763 -0.0311745856
1012 2000-01-04 -0.0478217710 -0.0343596044 -0.0408214860
1013 2000-01-05  0.0082555607  0.0104842484 -0.0017390128
1014 2000-01-06 -0.0600629498 -0.0340675985  0.0132816174
1015 2000-01-07  0.0404392764  0.0129880166  0.0379897079
1016 2000-01-10  0.0447170242  0.0072601442 -0.0004114521
1017 2000-01-11  0.0448963927 -0.0259461819  0.0016508356
1018 2000-01-12  0.0172709047 -0.0331184101  0.0032955253
1019 2000-01-13 -0.0020577973  0.0187250350  0.0114465796
1020 2000-01-14  0.1237912145  0.0403395571 -0.0180485266
1021 2000-01-18 -0.0091380733  0.0269129716 -0.0200673309
1022 2000-01-19 -0.0204034238 -0.0748126637  0.0048454630
1023 2000-01-20 -0.0453611520 -0.0093897403 -0.0188780784
1024 2000-01-21  0.0238958733 -0.0214549350 -0.0124990714
1025 2000-01-24  0.0088936788 -0.0243914531 -0.0425214158
1026 2000-01-25  0.0274514320  0.0153093717  0.0027112215
1027 2000-01-26 -0.0511311211 -0.0340015048  0.0209869942
1028 2000-01-27  0.0166994909 -0.0063091692  0.0022087884
1029 2000-01-28 -0.0429492209 -0.0050761530 -0.0562259137
1030 2000-01-31  0.0511935122 -0.0038240964  0.0000000000
1031 2000-02-01  0.0249559394  0.0504357109  0.0148156550
1032 2000-02-02 -0.0136484327 -0.0208694691 -0.0143489722
1033 2000-02-03  0.0406972782  0.0275212173  0.0379639382
1034 2000-02-04  0.0053851047  0.0279483619  0.0164706052
1035 2000-02-07  0.0299740864  0.0005910304 -0.0364173791
1036 2000-02-08  0.0080743131  0.0305985647  0.0041134788
1037 2000-02-09 -0.0392438638 -0.0555256714 -0.0221306431
1038 2000-02-10  0.0282703939  0.0190481950  0.0102032921
1039 2000-02-11 -0.0163928395 -0.0588941035 -0.0125366060
1040 2000-02-14  0.0370841168 -0.0031318535  0.0046611961
1041 2000-02-15  0.0191550243 -0.0107222724  0.0229899827
1042 2000-02-16 -0.0439189196 -0.0095572566 -0.0135005709
1043 2000-02-17  0.0259004467  0.0202795290 -0.0349261755
1044 2000-02-18 -0.0429543936 -0.0468785671 -0.0458851280
1045 2000-02-22  0.0129646748 -0.0132364606  0.0353320339
1046 2000-02-23  0.0214311707  0.0046527169  0.0067282659
1047 2000-02-24  0.0464680220  0.0052910176  0.0038248282
1048 2000-02-25 -0.0087912422 -0.0369541545 -0.0379233644
1049 2000-02-28 -0.0077566971  0.0027341097  0.0259239374
1050 2000-02-29  0.0055458699 -0.0241807982  0.0224400103
1051 2000-03-01  0.0251245938  0.0159559403 -0.0075821128
1052 2000-03-02 -0.0010788954  0.0278267021  0.0290694856
1053 2000-03-03  0.0297893605  0.0290257844  0.0300428461
1054 2000-03-06 -0.0158485791 -0.0589193147 -0.0139968489
1055 2000-03-07 -0.0139407814  0.0245243899 -0.0561148698
1056 2000-03-08 -0.0070456991  0.0285259807  0.0028818025
1057 2000-03-09  0.0294700764  0.0453897023 -0.0101240354
1058 2000-03-10  0.0151952313  0.0099503309  0.0206193837
1059 2000-03-13  0.0159914414 -0.0301530382 -0.0172333040
1060 2000-03-14 -0.0354194743 -0.0297756625 -0.0190095724
1061 2000-03-15  0.0194280329  0.0026246734  0.0503805174
1062 2000-03-16  0.0397609167  0.0000000000  0.0399049465
1063 2000-03-17  0.0377585623  0.0410840834  0.0062758691
1064 2000-03-20  0.0387018843 -0.0203310688  0.0075668871
1065 2000-03-21  0.0251450504  0.0537293492  0.0656466282
1066 2000-03-22  0.0398278330  0.0048543785  0.0024885583
1067 2000-03-23 -0.0100278784  0.0802289448  0.0587219257
1068 2000-03-24 -0.0252958136 -0.0016729069 -0.0058755632
1069 2000-03-27  0.0257330501 -0.0707223943 -0.0070977100
1070 2000-03-28 -0.0503023951  0.0023995328 -0.0123435079
1071 2000-03-29 -0.0284997052  0.0271978940  0.0438928976
1072 2000-03-30 -0.0376677396 -0.0362211487 -0.0264198195
1073 2000-03-31  0.0381421301  0.0274316545 -0.0198797804
1074 2000-04-03 -0.0099974861 -0.1563098720  0.0339552058
1075 2000-04-04  0.0161366167 -0.0257764184 -0.0444523656
1076 2000-04-05 -0.0218955466 -0.0250102354 -0.0044738806
1077 2000-04-06 -0.0004819262 -0.0043509858  0.0229696613
1078 2000-04-07  0.0525202045  0.0349910742  0.0122750974
1079 2000-04-10 -0.0424589146 -0.0342645940  0.0039289542
1080 2000-04-11 -0.0028643396 -0.0257461812  0.0136263150
1081 2000-04-12 -0.0702914175 -0.0551441381 -0.0306261879
1082 2000-04-13 -0.0061736743 -0.0015760445 -0.0406898002
1083 2000-04-14 -0.0918069761 -0.0668545554 -0.0320690766
1084 2000-04-17  0.1071686500  0.0233343921  0.0419863665
1085 2000-04-18  0.0476279731  0.0599460313  0.0291750659
1086 2000-04-19 -0.0801630776 -0.0235489689 -0.0064095323
1087 2000-04-20 -0.0314610158  0.0031720883  0.0191085770
1088 2000-04-24  0.0064786267 -0.1695765176  0.0222280869
1089 2000-04-25  0.0736468493  0.0404466896  0.0240062794
1090 2000-04-26 -0.0340741322 -0.0200188669 -0.0167053749
1091 2000-04-27  0.0365708084  0.0263053717 -0.0107787163
1092 2000-04-28  0.0118989835 -0.0008956561 -0.0266685024
1093 2000-05-01  0.0024610362  0.0515172836  0.0134241069
1094 2000-05-02 -0.0478312428 -0.0497267729  0.0105314648
1095 2000-05-03 -0.0174423221  0.0097909104 -0.0315341617
1096 2000-05-04  0.0041896369 -0.0017730501 -0.0133047424
1097 2000-05-05  0.0313894842  0.0097131006  0.0256414023
1098 2000-05-08 -0.0477258049 -0.0186258156 -0.0043603750
1099 2000-05-09 -0.0058624522 -0.0290665331 -0.0059762413
1100 2000-05-10 -0.0976105073 -0.0242549204 -0.0292007012
1101 2000-05-11  0.0857814795  0.0251761549  0.0061547777
1102 2000-05-12 -0.0048788178  0.0137176362  0.0254410969
1103 2000-05-15  0.0268110268  0.0081411576  0.0329436511
1104 2000-05-16  0.0312522824  0.0018001805  0.0046188764
1105 2000-05-17  0.0107120563 -0.0264252278 -0.0115874404
1106 2000-05-18  0.0060707399 -0.0224099014 -0.0093676072
1107 2000-05-19 -0.0501540456 -0.0171432770 -0.0238102796
1108 2000-05-22  0.0042334536 -0.0135398587 -0.0368154191
1109 2000-05-23 -0.0745149740 -0.0157019909  0.0000000000
1110 2000-05-24  0.0660317767  0.0368973894  0.0148884021
1111 2000-05-25 -0.0188133973 -0.0639667113  0.0000000000
1112 2000-05-26  0.0204093815 -0.0010167769 -0.0236757564
1113 2000-05-30  0.0673255917  0.0310490640  0.0334816041
1114 2000-05-31 -0.0084852866 -0.0129034048  0.0264752592
1115 2000-06-01  0.0393167623  0.0314676898 -0.0047618400
1116 2000-06-02  0.0341109766  0.0267446695  0.0071342837
1117 2000-06-05 -0.0121834291  0.0084467888 -0.0227697393
1118 2000-06-06 -0.0228912405  0.0402984930 -0.0072991941
1119 2000-06-07 -0.0048355551  0.0124890116  0.0036572467
1120 2000-06-08 -0.0215590126 -0.0242272953 -0.0097798734
1121 2000-06-09  0.0069104486  0.0000000000 -0.0198534871
1122 2000-06-12 -0.0158662921 -0.0285602093  0.0000000000
1123 2000-06-13  0.0501941956  0.0148425730  0.0259761139
1124 2000-06-14 -0.0392588339  0.0379449316 -0.0036686770
1125 2000-06-15  0.0142327679  0.0262482261  0.0170110767
1126 2000-06-16 -0.0172043117  0.0025873236 -0.0145631341
1127 2000-06-19  0.0795477945  0.0153849188 -0.0172648143
1128 2000-06-20  0.0131904489  0.0168212545  0.0148168717
1129 2000-06-21  0.0049587058  0.0739292358 -0.0311169116
1130 2000-06-22 -0.0361685416 -0.0101207559 -0.0140048736
1131 2000-06-23  0.0023290167 -0.0277685434  0.0228143484
1132 2000-06-26 -0.0013961613  0.0230626524  0.0012533488
1133 2000-06-27 -0.0211828144 -0.0086854079 -0.0138636752
1134 2000-06-28  0.0075826072  0.0015847864  0.0259916366
1135 2000-06-29 -0.0047325777 -0.0224188733 -0.0158906859
1136 2000-06-30  0.0145991303  0.0357891079  0.0632824914
1137 2000-07-03  0.0235633541  0.0000000000 -0.0190478997
1138 2000-07-05 -0.0391110842 -0.0189280099 -0.0404698305
1139 2000-07-06  0.0372826527  0.0305786271  0.0049936819
1140 2000-07-07  0.0194793565  0.0130419954  0.0221680178
1141 2000-07-10 -0.0108242922 -0.0317486983  0.0216891751
1142 2000-07-11  0.0072296790 -0.0039416685 -0.0035830005
1143 2000-07-12  0.0169651076  0.0148963946  0.0283032873
1144 2000-07-13  0.0140654729 -0.0046801958 -0.0235300919
1145 2000-07-14  0.0241490295 -0.0125886792 -0.0192310234
1146 2000-07-17 -0.0025594329 -0.0095466119  0.0415986151
1147 2000-07-18 -0.0228997748  0.0039888366 -0.0271407870
1148 2000-07-19 -0.0346858219 -0.0709283192  0.0095237155
1149 2000-07-20  0.0324974330  0.0228146778  0.0291910678
1150 2000-07-21 -0.0320446153 -0.0339879784 -0.0034590946
1151 2000-07-24 -0.0013576157 -0.0244981630 -0.0023121006
1152 2000-07-25  0.0206188128 -0.0223923373 -0.0081337623
1153 2000-07-26 -0.0133989202 -0.0173599609 -0.0272049944
1154 2000-07-27 -0.0144937549  0.0227800283  0.0071683640
1155 2000-07-28 -0.0591991880  0.0044943896 -0.0302142421
1156 2000-07-31  0.0333202552  0.0017921152  0.0146163355
1157 2000-08-01 -0.0323532985 -0.0162458447  0.0203484267
1158 2000-08-02 -0.0205177438  0.0099593399 -0.0143198035
1159 2000-08-03  0.0275808469  0.0125337361  0.0166866275
1160 2000-08-04 -0.0391821416 -0.0161438484  0.0094116720
1161 2000-08-07  0.0059767275  0.0125787822 -0.0141509351
1162 2000-08-08 -0.0210750937  0.0572576153  0.0211520109
1163 2000-08-09  0.0309565532  0.0016849204  0.0398915722
1164 2000-08-10 -0.0248891775 -0.0221285625  0.0188168420
1165 2000-08-11  0.0288139541 -0.0025850941 -0.0077058074
1166 2000-08-14  0.0478100763 -0.0034572204  0.0077058074
1167 2000-08-15  0.0139083804 -0.0078227257  0.0043762967
1168 2000-08-16  0.0027589072 -0.0087642980 -0.0076720288
1169 2000-08-17  0.0289609047  0.0078913167 -0.0022026066
1170 2000-08-18  0.0071114008 -0.0078913167 -0.0088592640
1171 2000-08-21  0.0210357137 -0.0052956876  0.0066517952
1172 2000-08-22  0.0008660892  0.0088106297 -0.0055391814
1173 2000-08-23  0.0340747258 -0.0070422826  0.0295591533
1174 2000-08-24 -0.0050369665  0.0052863559  0.0171124043
1175 2000-08-25 -0.0178353396 -0.0070547030  0.0052872658
1176 2000-08-28  0.0127715169  0.0096874382  0.0125785676
1177 2000-08-29  0.0025351166 -0.0052724199 -0.0020854711
1178 2000-08-30 -0.0076233486 -0.0133039656 -0.0404734063
1179 2000-08-31  0.0185342974 -0.0026821652  0.0193759395
1180 2000-09-01 -0.0125998604  0.0053571557 -0.0021344355
1181 2000-09-05 -0.0654967031 -0.0008908687 -0.0118206526
1182 2000-09-06 -0.0525774738 -0.0098522964  0.0203311949
1183 2000-09-07  0.0260548045  0.0089606334  0.0000000000
1184 2000-09-08 -0.0310615053 -0.0107624357  0.0147213599
1185 2000-09-11 -0.0105709702 -0.0072398506 -0.0031355321
1186 2000-09-12  0.0038566501 -0.0100411615 -0.0105262237
1187 2000-09-13 -0.0584621596  0.0018331811  0.0000000000
1188 2000-09-14 -0.0268878025 -0.0363676442 -0.0010596041
1189 2000-09-15 -0.0360190102 -0.0250013022 -0.0388811041
1190 2000-09-18 -0.0300585001 -0.0186737613  0.0131290577
1191 2000-09-19  0.0785772868  0.0312525435 -0.0087335248
1192 2000-09-20  0.0435513342 -0.0116055461 -0.0066005659
1193 2000-09-21 -0.0253432776 -0.0009732361 -0.0066444230
1194 2000-09-22 -0.2488853102 -0.0147133601  0.0187114864
1195 2000-09-25 -0.0549374575 -0.0321312782  0.0130028005
1196 2000-09-26 -0.0465180172  0.0231982163 -0.0010778630
1197 2000-09-27  0.0129024258 -0.0334547165  0.0244827612
1198 2000-09-28  0.0127380716  0.0112763881 -0.0073886251
1199 2000-09-29 -0.0668837239 -0.0164443582 -0.0180081625
1200 2000-10-02 -0.0351990637 -0.0198855323  0.0118228735
1201 2000-10-03  0.0046624894 -0.0443076254  0.0095686416
1202 2000-10-04  0.0410073467 -0.0200899614 -0.0031799593
1203 2000-10-05 -0.0240984246 -0.0011280317  0.0147540519
1204 2000-10-06 -0.0262557416  0.0033802849 -0.0052443505
1205 2000-10-09 -0.0221516884 -0.0250582587 -0.0158983836
1206 2000-10-10 -0.0391581112  0.0068965791 -0.0075074565
1207 2000-10-11 -0.0600006253  0.0215305767 -0.0250682889
1208 2000-10-12  0.0482855941 -0.0249729209 -0.0382498616
1209 2000-10-13  0.0839193403 -0.0115608224  0.0448493903
1210 2000-10-16 -0.1234098377 -0.0648486467  0.0130733300
1211 2000-10-17  0.0139137675  0.0012399258 -0.0374905852
1212 2000-10-18  0.0537937246  0.0256894861 -0.0022499334
1213 2000-10-19  0.0936718492  0.1786917887  0.0022499334
1214 2000-10-20  0.0264725121  0.0521515119 -0.0649885897
1215 2000-10-23  0.0057900951 -0.0481192483 -0.0466346910
1216 2000-10-24 -0.0307724541 -0.0101113096  0.0703328152
1217 2000-10-25 -0.0165053996 -0.0040733254 -0.0082312847
1218 2000-10-26  0.0785297920  0.0507319124 -0.0154668395
1219 2000-10-27  0.0370661050  0.0492057630  0.0023954389
1220 2000-10-30 -0.0300974669  0.0201103670  0.0329434814
1221 2000-10-31  0.0000000000 -0.0027186242  0.0149337929
1222 2000-11-01 -0.0027811839  0.0108304308 -0.0068638147
1223 2000-11-02  0.0395945667  0.0098258942 -0.0138743829
1224 2000-11-03 -0.0157666552 -0.0297721583 -0.0070081492
1225 2000-11-06  0.0135143778  0.0181493185  0.0220300881
1226 2000-11-07 -0.0080858229  0.0142859572  0.0079943829
1227 2000-11-08 -0.0788037060 -0.0151856424 -0.0068481422
1228 2000-11-09 -0.0312286655  0.0204906946  0.0000000000
1229 2000-11-10 -0.1117591746 -0.0506437328 -0.0126814955
1230 2000-11-13  0.0315889373 -0.0140123731 -0.0462977037
1231 2000-11-14  0.0695401389  0.0351237584  0.0251948027
1232 2000-11-15  0.0136473192  0.0180022863 -0.0047491280
1233 2000-11-16 -0.0368142447 -0.0161874038  0.0023764192
1234 2000-11-17  0.0368142447  0.0018115947 -0.0143537513
1235 2000-11-20 -0.0090791112 -0.0275246734 -0.0355641701
1236 2000-11-21  0.0358250480  0.0083372414  0.0136386842
1237 2000-11-22 -0.0343061269  0.0073529743 -0.0440601339
1238 2000-11-24  0.0646327691  0.0244245520  0.0165921217
1239 2000-11-27  0.0000000000  0.0106667678 -0.0050745790
1240 2000-11-28 -0.0443547600 -0.0535761345  0.0138971607
1241 2000-11-29  0.0169569892 -0.0293442730 -0.0025128050
1242 2000-11-30 -0.1161390150 -0.1257396780 -0.0025191351
1243 2000-12-01 -0.1091997981 -0.0131580846  0.0285918559
1244 2000-12-04 -0.0354198589 -0.0033167526  0.0121796092
1245 2000-12-05  0.0889082686  0.0591252246  0.0472908341
1246 2000-12-06 -0.1256257530 -0.0547053279 -0.0034705499
1247 2000-12-07  0.0175619518 -0.0649061006 -0.0081432029
1248 2000-12-08  0.0509048962  0.0244056274  0.0310540469
1249 2000-12-11  0.0963128284  0.0644667620  0.0022626605
1250 2000-12-12 -0.0253604870  0.0053676994 -0.0462516907
1251 2000-12-13 -0.0277797961 -0.0194600736  0.0035443483
1252 2000-12-14 -0.0106189462 -0.0310446217 -0.0299233976
1253 2000-12-15 -0.0795997747 -0.1207434946 -0.0321025738
1254 2000-12-18  0.0247417251 -0.0283524146  0.0235599158
1255 2000-12-19  0.0056214272 -0.0647999932 -0.0173053899
1256 2000-12-20 -0.0458975964 -0.0767936911 -0.0551079427
1257 2000-12-21  0.0365089019  0.0456296961  0.0091812720
1258 2000-12-22 -0.0056776459  0.0667841992  0.0206724461
1259 2000-12-26 -0.0018966875  0.0093771618  0.0089124276
1260 2000-12-27 -0.0095531596 -0.0093771618 -0.0198299540
1261 2000-12-28 -0.0511903151 -0.0412146243  0.0051751108
1262 2000-12-29 -0.0286931921 -0.0270094599 -0.0103750329
